-0.075917	6.4554	-1.0289	-4.8727	-9.9437	-3.2195	-11.852	3.5091	-1.8099	11.724	8.6636
-0.095627	6.4744	-0.98767	-4.8471	-9.9238	-3.2456	-11.886	3.4416	-1.8399	11.664	8.6496
-0.11534	6.4935	-0.94649	-4.8214	-9.9039	-3.2716	-11.92	3.3741	-1.8699	11.605	8.6356
-0.13505	6.5125	-0.90531	-4.7957	-9.884	-3.2976	-11.954	3.3065	-1.8999	11.546	8.6216
-0.15476	6.5315	-0.86413	-4.77	-9.8641	-3.3236	-11.989	3.239	-1.93	11.487	8.6076
-0.17447	6.5506	-0.82295	-4.7444	-9.8442	-3.3496	-12.023	3.1715	-1.96	11.428	8.5936
-0.19418	6.5696	-0.78177	-4.7187	-9.8243	-3.3756	-12.057	3.104	-1.99	11.369	8.5797
-0.21389	6.5887	-0.74059	-4.693	-9.8044	-3.4016	-12.091	3.0365	-2.02	11.31	8.5657
-0.2336	6.6077	-0.69941	-4.6673	-9.7844	-3.4276	-12.125	2.9689	-2.05	11.251	8.5517
-0.25331	6.6268	-0.65823	-4.6417	-9.7645	-3.4536	-12.159	2.9014	-2.08	11.192	8.5377
-0.27302	6.6458	-0.61705	-4.616	-9.7446	-3.4796	-12.193	2.8339	-2.11	11.132	8.5237
-0.29273	6.6649	-0.57587	-4.5903	-9.7247	-3.5056	-12.227	2.7664	-2.14	11.073	8.5097
-0.31244	6.6839	-0.53469	-4.5647	-9.7048	-3.5316	-12.261	2.6989	-2.17	11.014	8.4958
-0.33215	6.703	-0.49351	-4.539	-9.6849	-3.5576	-12.295	2.6313	-2.2	10.955	8.4818
-0.35186	6.722	-0.45233	-4.5133	-9.665	-3.5836	-12.329	2.5638	-2.23	10.896	8.4678
-0.37157	6.7411	-0.41114	-4.4876	-9.6451	-3.6096	-12.363	2.4963	-2.26	10.837	8.4538
-0.39128	6.7601	-0.36996	-4.462	-9.6252	-3.6356	-12.398	2.4288	-2.29	10.778	8.4398
-0.41099	6.7792	-0.32878	-4.4363	-9.6053	-3.6616	-12.432	2.3613	-2.32	10.719	8.4258
-0.4307	6.7982	-0.2876	-4.4106	-9.5853	-3.6876	-12.466	2.2937	-2.35	10.66	8.4119
-0.45041	6.8172	-0.24642	-4.385	-9.5654	-3.7136	-12.5	2.2262	-2.38	10.6	8.3979
-0.47012	6.8363	-0.20524	-4.3593	-9.5455	-3.7397	-12.534	2.1587	-2.41	10.541	8.3839
-0.48983	6.8553	-0.16406	-4.3336	-9.5256	-3.7657	-12.568	2.0912	-2.44	10.482	8.3699
-0.50954	6.8744	-0.12288	-4.3079	-9.5057	-3.7917	-12.602	2.0237	-2.47	10.423	8.3559
-0.52925	6.8934	-0.081702	-4.2823	-9.4858	-3.8177	-12.636	1.9561	-2.5	10.364	8.3419
-0.54896	6.9125	-0.040521	-4.2566	-9.4659	-3.8437	-12.67	1.8886	-2.53	10.305	8.328
-0.56867	6.9315	0.00065902	-4.2309	-9.446	-3.8697	-12.704	1.8211	-2.56	10.246	8.314
-0.58838	6.9506	0.041839	-4.2052	-9.4261	-3.8957	-12.738	1.7536	-2.59	10.187	8.3
-0.60809	6.9696	0.08302	-4.1796	-9.4062	-3.9217	-12.772	1.6861	-2.62	10.128	8.286
-0.6278	6.9887	0.1242	-4.1539	-9.3863	-3.9477	-12.807	1.6186	-2.6501	10.068	8.272
-0.64751	7.0077	0.16538	-4.1282	-9.3663	-3.9737	-12.841	1.551	-2.6801	10.009	8.258
-0.66722	7.0268	0.20656	-4.1026	-9.3464	-3.9997	-12.875	1.4835	-2.7101	9.9502	8.2441
-0.68693	7.0458	0.24774	-4.0769	-9.3265	-4.0257	-12.909	1.416	-2.7401	9.8911	8.2301
-0.70664	7.0649	0.28892	-4.0512	-9.3066	-4.0517	-12.943	1.3485	-2.7701	9.832	8.2161
-0.72635	7.0839	0.3301	-4.0255	-9.2867	-4.0777	-12.977	1.281	-2.8001	9.7729	8.2021
-0.74606	7.103	0.37128	-3.9999	-9.2668	-4.1037	-13.011	1.2134	-2.8301	9.7137	8.1881
-0.76577	7.122	0.41246	-3.9742	-9.2469	-4.1297	-13.045	1.1459	-2.8601	9.6546	8.1741
-0.78548	7.141	0.45364	-3.9485	-9.227	-4.1557	-13.079	1.0784	-2.8901	9.5955	8.1602
-0.80519	7.1601	0.49482	-3.9229	-9.2071	-4.1817	-13.113	1.0109	-2.9201	9.5364	8.1462
-0.8249	7.1791	0.536	-3.8972	-9.1872	-4.2077	-13.147	0.94336	-2.9501	9.4773	8.1322
-0.84461	7.1982	0.57718	-3.8715	-9.1672	-4.2338	-13.181	0.87584	-2.9801	9.4182	8.1182
-0.86432	7.2172	0.61836	-3.8458	-9.1473	-4.2598	-13.216	0.80832	-3.0101	9.3591	8.1042
-0.88403	7.2363	0.65955	-3.8202	-9.1274	-4.2858	-13.25	0.7408	-3.0401	9.3	8.0902
-0.90374	7.2553	0.70073	-3.7945	-9.1075	-4.3118	-13.284	0.67329	-3.0701	9.2408	8.0763
-0.92345	7.2744	0.74191	-3.7688	-9.0876	-4.3378	-13.318	0.60577	-3.1001	9.1817	8.0623
-0.94316	7.2934	0.78309	-3.7431	-9.0677	-4.3638	-13.352	0.53825	-3.1301	9.1226	8.0483
-0.96287	7.3125	0.82427	-3.7175	-9.0478	-4.3898	-13.386	0.47073	-3.1601	9.0635	8.0343
-0.98258	7.3315	0.86545	-3.6918	-9.0279	-4.4158	-13.42	0.40321	-3.1901	9.0044	8.0203
-1.0023	7.3506	0.90663	-3.6661	-9.008	-4.4418	-13.454	0.33569	-3.2201	8.9453	8.0063
-1.022	7.3696	0.94781	-3.6405	-8.9881	-4.4678	-13.488	0.26817	-3.2501	8.8862	7.9923
-1.0417	7.3887	0.98899	-3.6148	-8.9682	-4.4938	-13.522	0.20065	-3.2801	8.8271	7.9784
-1.0614	7.4077	1.0302	-3.5891	-8.9482	-4.5198	-13.556	0.13313	-3.3101	8.7679	7.9644
-1.0811	7.4268	1.0713	-3.5634	-8.9283	-4.5458	-13.59	0.065613	-3.3401	8.7088	7.9504
-1.1008	7.4458	1.1125	-3.5378	-8.9084	-4.5718	-13.625	-0.0019061	-3.3701	8.6497	7.9364
-1.1207	7.4581	1.1583	-3.5123	-8.8759	-4.6006	-13.648	-0.081169	-3.3935	8.5802	7.9251
-1.1408	7.4612	1.2105	-3.4872	-8.826	-4.6331	-13.657	-0.17658	-3.4077	8.4965	7.9173
-1.1609	7.4643	1.2627	-3.4621	-8.7761	-4.6657	-13.666	-0.27199	-3.4219	8.4128	7.9096
-1.181	7.4674	1.3148	-3.437	-8.7261	-4.6983	-13.674	-0.3674	-3.4361	8.329	7.9018
-1.2011	7.4705	1.367	-3.4119	-8.6762	-4.7308	-13.683	-0.46281	-3.4503	8.2453	7.8941
-1.2212	7.4736	1.4192	-3.3868	-8.6263	-4.7634	-13.692	-0.55823	-3.4645	8.1615	7.8863
-1.2414	7.4767	1.4713	-3.3617	-8.5764	-4.7959	-13.701	-0.65364	-3.4787	8.0778	7.8786
-1.2615	7.4798	1.5235	-3.3366	-8.5265	-4.8285	-13.71	-0.74905	-3.4929	7.9941	7.8709
-1.2816	7.483	1.5757	-3.3115	-8.4766	-4.861	-13.718	-0.84446	-3.5071	7.9103	7.8631
-1.3017	7.4861	1.6278	-3.2864	-8.4267	-4.8936	-13.727	-0.93987	-3.5214	7.8266	7.8554
-1.3218	7.4892	1.68	-3.2613	-8.3768	-4.9262	-13.736	-1.0353	-3.5356	7.7429	7.8476
-1.3419	7.4923	1.7322	-3.2362	-8.3268	-4.9587	-13.745	-1.1307	-3.5498	7.6591	7.8399
-1.362	7.4954	1.7843	-3.2111	-8.2769	-4.9913	-13.753	-1.2261	-3.564	7.5754	7.8321
-1.3821	7.4985	1.8365	-3.186	-8.227	-5.0238	-13.762	-1.3215	-3.5782	7.4916	7.8244
-1.4022	7.5016	1.8887	-3.1609	-8.1771	-5.0564	-13.771	-1.4169	-3.5924	7.4079	7.8167
-1.4223	7.5047	1.9408	-3.1358	-8.1272	-5.0889	-13.78	-1.5123	-3.6066	7.3242	7.8089
-1.4424	7.5078	1.993	-3.1106	-8.0773	-5.1215	-13.789	-1.6077	-3.6208	7.2404	7.8012
-1.4625	7.5109	2.0452	-3.0855	-8.0274	-5.1541	-13.797	-1.7032	-3.635	7.1567	7.7934
-1.4826	7.514	2.0973	-3.0604	-7.9775	-5.1866	-13.806	-1.7986	-3.6492	7.073	7.7857
-1.5027	7.5171	2.1495	-3.0353	-7.9275	-5.2192	-13.815	-1.894	-3.6634	6.9892	7.778
-1.5228	7.5202	2.2017	-3.0102	-7.8776	-5.2517	-13.824	-1.9894	-3.6776	6.9055	7.7702
-1.5429	7.5233	2.2538	-2.9851	-7.8277	-5.2843	-13.833	-2.0848	-3.6918	6.8217	7.7625
-1.563	7.5264	2.306	-2.96	-7.7778	-5.3168	-13.841	-2.1802	-3.706	6.738	7.7547
-1.5831	7.5295	2.3582	-2.9349	-7.7279	-5.3494	-13.85	-2.2756	-3.7202	6.6543	7.747
-1.6032	7.5326	2.4103	-2.9098	-7.678	-5.382	-13.859	-2.371	-3.7344	6.5705	7.7392
-1.6233	7.5357	2.4625	-2.8847	-7.6281	-5.4145	-13.868	-2.4664	-3.7486	6.4868	7.7315
-1.6435	7.5388	2.5147	-2.8596	-7.5782	-5.4471	-13.877	-2.5619	-3.7629	6.403	7.7238
-1.6636	7.5419	2.5668	-2.8345	-7.5282	-5.4796	-13.885	-2.6573	-3.7771	6.3193	7.716
-1.6837	7.545	2.619	-2.8094	-7.4783	-5.5122	-13.894	-2.7527	-3.7913	6.2356	7.7083
-1.7038	7.5481	2.6712	-2.7843	-7.4284	-5.5448	-13.903	-2.8481	-3.8055	6.1518	7.7005
-1.7239	7.5512	2.7233	-2.7592	-7.3785	-5.5773	-13.912	-2.9435	-3.8197	6.0681	7.6928
-1.744	7.5543	2.7755	-2.7341	-7.3286	-5.6099	-13.921	-3.0389	-3.8339	5.9844	7.685
-1.7641	7.5574	2.8277	-2.709	-7.2787	-5.6424	-13.929	-3.1343	-3.8481	5.9006	7.6773
-1.7842	7.5605	2.8798	-2.6838	-7.2288	-5.675	-13.938	-3.2297	-3.8623	5.8169	7.6696
-1.8043	7.5636	2.932	-2.6587	-7.1789	-5.7075	-13.947	-3.3251	-3.8765	5.7331	7.6618
-1.8244	7.5667	2.9842	-2.6336	-7.1289	-5.7401	-13.956	-3.4206	-3.8907	5.6494	7.6541
-1.8445	7.5698	3.0363	-2.6085	-7.079	-5.7727	-13.964	-3.516	-3.9049	5.5657	7.6463
-1.8646	7.5729	3.0885	-2.5834	-7.0291	-5.8052	-13.973	-3.6114	-3.9191	5.4819	7.6386
-1.8847	7.576	3.1407	-2.5583	-6.9792	-5.8378	-13.982	-3.7068	-3.9333	5.3982	7.6308
-1.9048	7.5791	3.1928	-2.5332	-6.9293	-5.8703	-13.991	-3.8022	-3.9475	5.3145	7.6231
-1.9249	7.5822	3.245	-2.5081	-6.8794	-5.9029	-14	-3.8976	-3.9617	5.2307	7.6154
-1.945	7.5853	3.2972	-2.483	-6.8295	-5.9354	-14.008	-3.993	-3.9759	5.147	7.6076
-1.9651	7.5884	3.3493	-2.4579	-6.7796	-5.968	-14.017	-4.0884	-3.9902	5.0632	7.5999
-1.9852	7.5915	3.4015	-2.4328	-6.7296	-6.0006	-14.026	-4.1838	-4.0044	4.9795	7.5921
-2.0053	7.5946	3.4537	-2.4077	-6.6797	-6.0331	-14.035	-4.2793	-4.0186	4.8958	7.5844
-2.0255	7.5977	3.5058	-2.3826	-6.6298	-6.0657	-14.044	-4.3747	-4.0328	4.812	7.5766
-2.0456	7.6009	3.558	-2.3575	-6.5799	-6.0982	-14.052	-4.4701	-4.047	4.7283	7.5689
-2.0657	7.604	3.6102	-2.3324	-6.53	-6.1308	-14.061	-4.5655	-4.0612	4.6446	7.5612
-2.0858	7.6071	3.6623	-2.3073	-6.4801	-6.1633	-14.07	-4.6609	-4.0754	4.5608	7.5534
-2.1059	7.6102	3.7145	-2.2822	-6.4302	-6.1959	-14.079	-4.7563	-4.0896	4.4771	7.5457
-2.126	7.6133	3.7667	-2.2571	-6.3803	-6.2285	-14.088	-4.8517	-4.1038	4.3933	7.5379
-2.1461	7.6164	3.8188	-2.2319	-6.3303	-6.261	-14.096	-4.9471	-4.118	4.3096	7.5302
-2.1662	7.6195	3.871	-2.2068	-6.2804	-6.2936	-14.105	-5.0425	-4.1322	4.2259	7.5225
-2.1827	7.6015	3.9305	-2.1853	-6.2112	-6.3228	-14.089	-5.1537	-4.1426	4.1336	7.5167
-2.1985	7.5796	3.9915	-2.1645	-6.1384	-6.3513	-14.068	-5.2677	-4.1523	4.0397	7.5112
-2.2143	7.5576	4.0524	-2.1437	-6.0656	-6.3799	-14.047	-5.3818	-4.162	3.9458	7.5058
-2.2302	7.5357	4.1133	-2.1229	-5.9927	-6.4084	-14.026	-5.4958	-4.1718	3.8519	7.5004
-2.246	7.5138	4.1742	-2.1021	-5.9199	-6.4369	-14.005	-5.6099	-4.1815	3.758	7.495
-2.2618	7.4918	4.2352	-2.0813	-5.8471	-6.4655	-13.984	-5.7239	-4.1912	3.6641	7.4896
-2.2777	7.4699	4.2961	-2.0605	-5.7743	-6.494	-13.963	-5.838	-4.2009	3.5702	7.4841
-2.2935	7.448	4.357	-2.0396	-5.7014	-6.5226	-13.942	-5.952	-4.2106	3.4763	7.4787
-2.3093	7.426	4.4179	-2.0188	-5.6286	-6.5511	-13.921	-6.0661	-4.2203	3.3824	7.4733
-2.3251	7.4041	4.4789	-1.998	-5.5558	-6.5797	-13.9	-6.1802	-4.23	3.2885	7.4679
-2.341	7.3822	4.5398	-1.9772	-5.4829	-6.6082	-13.88	-6.2942	-4.2397	3.1946	7.4625
-2.3568	7.3602	4.6007	-1.9564	-5.4101	-6.6368	-13.859	-6.4083	-4.2494	3.1007	7.4571
-2.3726	7.3383	4.6616	-1.9356	-5.3373	-6.6653	-13.838	-6.5223	-4.2591	3.0068	7.4516
-2.3885	7.3164	4.7226	-1.9147	-5.2645	-6.6939	-13.817	-6.6364	-4.2688	2.9129	7.4462
-2.4043	7.2944	4.7835	-1.8939	-5.1916	-6.7224	-13.796	-6.7504	-4.2785	2.819	7.4408
-2.4201	7.2725	4.8444	-1.8731	-5.1188	-6.751	-13.775	-6.8645	-4.2883	2.7251	7.4354
-2.4359	7.2506	4.9053	-1.8523	-5.046	-6.7795	-13.754	-6.9785	-4.298	2.6312	7.43
-2.4518	7.2286	4.9663	-1.8315	-4.9731	-6.8081	-13.733	-7.0926	-4.3077	2.5373	7.4245
-2.4676	7.2067	5.0272	-1.8107	-4.9003	-6.8366	-13.712	-7.2066	-4.3174	2.4434	7.4191
-2.4834	7.1848	5.0881	-1.7898	-4.8275	-6.8652	-13.691	-7.3207	-4.3271	2.3496	7.4137
-2.4993	7.1628	5.149	-1.769	-4.7547	-6.8937	-13.67	-7.4348	-4.3368	2.2557	7.4083
-2.5151	7.1409	5.21	-1.7482	-4.6818	-6.9223	-13.649	-7.5488	-4.3465	2.1618	7.4029
-2.5309	7.119	5.2709	-1.7274	-4.609	-6.9508	-13.628	-7.6629	-4.3562	2.0679	7.3974
-2.5467	7.097	5.3318	-1.7066	-4.5362	-6.9794	-13.607	-7.7769	-4.3659	1.974	7.392
-2.5626	7.0751	5.3927	-1.6858	-4.4633	-7.0079	-13.586	-7.891	-4.3756	1.8801	7.3866
-2.5784	7.0532	5.4537	-1.6649	-4.3905	-7.0365	-13.566	-8.005	-4.3853	1.7862	7.3812
-2.5942	7.0312	5.5146	-1.6441	-4.3177	-7.065	-13.545	-8.1191	-4.395	1.6923	7.3758
-2.61	7.0093	5.5755	-1.6233	-4.2449	-7.0936	-13.524	-8.2331	-4.4048	1.5984	7.3703
-2.6259	6.9874	5.6364	-1.6025	-4.172	-7.1221	-13.503	-8.3472	-4.4145	1.5045	7.3649
-2.6417	6.9654	5.6974	-1.5817	-4.0992	-7.1507	-13.482	-8.4613	-4.4242	1.4106	7.3595
-2.6575	6.9435	5.7583	-1.5609	-4.0264	-7.1792	-13.461	-8.5753	-4.4339	1.3167	7.3541
-2.6734	6.9216	5.8192	-1.54	-3.9535	-7.2078	-13.44	-8.6894	-4.4436	1.2228	7.3487
-2.6892	6.8996	5.8801	-1.5192	-3.8807	-7.2363	-13.419	-8.8034	-4.4533	1.1289	7.3432
-2.705	6.8777	5.9411	-1.4984	-3.8079	-7.2649	-13.398	-8.9175	-4.463	1.035	7.3378
-2.7208	6.8558	6.002	-1.4776	-3.7351	-7.2934	-13.377	-9.0315	-4.4727	0.94112	7.3324
-2.7367	6.8338	6.0629	-1.4568	-3.6622	-7.322	-13.356	-9.1456	-4.4824	0.84722	7.327
-2.7525	6.8119	6.1238	-1.436	-3.5894	-7.3505	-13.335	-9.2596	-4.4921	0.75332	7.3216
-2.7683	6.79	6.1848	-1.4151	-3.5166	-7.3791	-13.314	-9.3737	-4.5018	0.65943	7.3161
-2.7842	6.768	6.2457	-1.3943	-3.4437	-7.4076	-13.293	-9.4877	-4.5115	0.56553	7.3107
-2.8	6.7461	6.3066	-1.3735	-3.3709	-7.4362	-13.272	-9.6018	-4.5213	0.47164	7.3053
-2.8158	6.7242	6.3675	-1.3527	-3.2981	-7.4647	-13.252	-9.7159	-4.531	0.37774	7.2999
-2.8316	6.7022	6.4285	-1.3319	-3.2253	-7.4933	-13.231	-9.8299	-4.5407	0.28385	7.2945
-2.8475	6.6803	6.4894	-1.3111	-3.1524	-7.5218	-13.21	-9.944	-4.5504	0.18995	7.2891
-2.8633	6.6584	6.5503	-1.2903	-3.0796	-7.5504	-13.189	-10.058	-4.5601	0.096054	7.2836
-2.8791	6.6364	6.6112	-1.2694	-3.0068	-7.5789	-13.168	-10.172	-4.5698	0.0021585	7.2782
-2.895	6.6145	6.6722	-1.2486	-2.934	-7.6075	-13.147	-10.286	-4.5795	-0.091737	7.2728
-2.9108	6.5926	6.7331	-1.2278	-2.8611	-7.636	-13.126	-10.4	-4.5892	-0.18563	7.2674
-2.9266	6.5706	6.794	-1.207	-2.7883	-7.6646	-13.105	-10.514	-4.5989	-0.27953	7.262
-2.9424	6.5487	6.8549	-1.1862	-2.7155	-7.6931	-13.084	-10.628	-4.6086	-0.37342	7.2565
-2.9583	6.5268	6.9159	-1.1654	-2.6426	-7.7217	-13.063	-10.742	-4.6183	-0.46732	7.2511
-2.9741	6.5049	6.9768	-1.1445	-2.5698	-7.7502	-13.042	-10.856	-4.628	-0.56122	7.2457
-2.9899	6.4829	7.0377	-1.1237	-2.497	-7.7788	-13.021	-10.97	-4.6378	-0.65511	7.2403
-3.0043	6.4565	7.0961	-1.1002	-2.426	-7.8007	-12.994	-11.081	-4.649	-0.74959	7.2296
-3.0148	6.4175	7.1472	-1.0691	-2.3603	-7.8043	-12.948	-11.181	-4.6648	-0.84568	7.2041
-3.0253	6.3784	7.1984	-1.0379	-2.2945	-7.8079	-12.902	-11.281	-4.6805	-0.94178	7.1786
-3.0358	6.3394	7.2496	-1.0068	-2.2288	-7.8114	-12.856	-11.381	-4.6963	-1.0379	7.1532
-3.0463	6.3004	7.3008	-0.97567	-2.163	-7.815	-12.811	-11.481	-4.712	-1.134	7.1277
-3.0568	6.2613	7.352	-0.94454	-2.0973	-7.8185	-12.765	-11.581	-4.7277	-1.2301	7.1022
-3.0673	6.2223	7.4031	-0.91342	-2.0315	-7.8221	-12.719	-11.681	-4.7435	-1.3262	7.0767
-3.0778	6.1833	7.4543	-0.88229	-1.9658	-7.8257	-12.673	-11.781	-4.7592	-1.4223	7.0513
-3.0883	6.1442	7.5055	-0.85116	-1.9	-7.8292	-12.628	-11.881	-4.775	-1.5183	7.0258
-3.0988	6.1052	7.5567	-0.82003	-1.8343	-7.8328	-12.582	-11.981	-4.7907	-1.6144	7.0003
-3.1093	6.0662	7.6079	-0.7889	-1.7685	-7.8363	-12.536	-12.081	-4.8064	-1.7105	6.9748
-3.1198	6.0271	7.659	-0.75777	-1.7028	-7.8399	-12.49	-12.181	-4.8222	-1.8066	6.9494
-3.1303	5.9881	7.7102	-0.72664	-1.637	-7.8435	-12.445	-12.281	-4.8379	-1.9027	6.9239
-3.1408	5.9491	7.7614	-0.69551	-1.5713	-7.847	-12.399	-12.381	-4.8536	-1.9988	6.8984
-3.1513	5.91	7.8126	-0.66438	-1.5055	-7.8506	-12.353	-12.481	-4.8694	-2.0949	6.8729
-3.1618	5.871	7.8638	-0.63325	-1.4398	-7.8541	-12.307	-12.582	-4.8851	-2.191	6.8475
-3.1723	5.832	7.9149	-0.60212	-1.374	-7.8577	-12.262	-12.682	-4.9009	-2.2871	6.822
-3.1828	5.7929	7.9661	-0.57099	-1.3083	-7.8613	-12.216	-12.782	-4.9166	-2.3832	6.7965
-3.1933	5.7539	8.0173	-0.53986	-1.2425	-7.8648	-12.17	-12.882	-4.9323	-2.4793	6.771
-3.2038	5.7149	8.0685	-0.50874	-1.1768	-7.8684	-12.124	-12.982	-4.9481	-2.5754	6.7456
-3.2142	5.6758	8.1197	-0.47761	-1.111	-7.8719	-12.079	-13.082	-4.9638	-2.6715	6.7201
-3.2247	5.6368	8.1708	-0.44648	-1.0453	-7.8755	-12.033	-13.182	-4.9795	-2.7676	6.6946
-3.2352	5.5978	8.222	-0.41535	-0.97953	-7.8791	-11.987	-13.282	-4.9953	-2.8637	6.6692
-3.2457	5.5587	8.2732	-0.38422	-0.91378	-7.8826	-11.941	-13.382	-5.011	-2.9598	6.6437
-3.2562	5.5197	8.3244	-0.35309	-0.84803	-7.8862	-11.896	-13.482	-5.0268	-3.0559	6.6182
-3.2667	5.4807	8.3755	-0.32196	-0.78228	-7.8897	-11.85	-13.582	-5.0425	-3.152	6.5927
-3.2772	5.4416	8.4267	-0.29083	-0.71653	-7.8933	-11.804	-13.682	-5.0582	-3.2481	6.5673
-3.2877	5.4026	8.4779	-0.2597	-0.65078	-7.8969	-11.758	-13.782	-5.074	-3.3442	6.5418
-3.2982	5.3636	8.5291	-0.22857	-0.58503	-7.9004	-11.713	-13.882	-5.0897	-3.4403	6.5163
-3.3087	5.3245	8.5803	-0.19744	-0.51928	-7.904	-11.667	-13.982	-5.1055	-3.5363	6.4908
-3.3192	5.2855	8.6314	-0.16631	-0.45353	-7.9076	-11.621	-14.082	-5.1212	-3.6324	6.4654
-3.3297	5.2465	8.6826	-0.13518	-0.38778	-7.9111	-11.575	-14.182	-5.1369	-3.7285	6.4399
-3.3402	5.2075	8.7338	-0.10406	-0.32203	-7.9147	-11.53	-14.282	-5.1527	-3.8246	6.4144
-3.3507	5.1684	8.785	-0.072926	-0.25628	-7.9182	-11.484	-14.382	-5.1684	-3.9207	6.3889
-3.3612	5.1294	8.8362	-0.041797	-0.19053	-7.9218	-11.438	-14.482	-5.1841	-4.0168	6.3635
-3.3717	5.0904	8.8873	-0.010668	-0.12478	-7.9254	-11.392	-14.582	-5.1999	-4.1129	6.338
-3.3822	5.0513	8.9385	0.020461	-0.059031	-7.9289	-11.347	-14.682	-5.2156	-4.209	6.3125
-3.3927	5.0123	8.9897	0.051591	0.0067188	-7.9325	-11.301	-14.783	-5.2314	-4.3051	6.287
-3.4032	4.9733	9.0409	0.08272	0.072468	-7.936	-11.255	-14.883	-5.2471	-4.4012	6.2616
-3.4137	4.9342	9.0921	0.11385	0.13822	-7.9396	-11.209	-14.983	-5.2628	-4.4973	6.2361
-3.4242	4.8952	9.1432	0.14498	0.20397	-7.9432	-11.164	-15.083	-5.2786	-4.5934	6.2106
-3.4347	4.8562	9.1944	0.17611	0.26972	-7.9467	-11.118	-15.183	-5.2943	-4.6895	6.1851
-3.4451	4.8171	9.2456	0.20724	0.33547	-7.9503	-11.072	-15.283	-5.31	-4.7856	6.1597
-3.4556	4.7781	9.2968	0.23837	0.40122	-7.9538	-11.026	-15.383	-5.3258	-4.8817	6.1342
-3.4661	4.7391	9.348	0.2695	0.46697	-7.9574	-10.98	-15.483	-5.3415	-4.9778	6.1087
-3.4766	4.7	9.3991	0.30062	0.53272	-7.961	-10.935	-15.583	-5.3573	-5.0739	6.0833
-3.4871	4.661	9.4503	0.33175	0.59847	-7.9645	-10.889	-15.683	-5.373	-5.17	6.0578
-3.4976	4.622	9.5015	0.36288	0.66422	-7.9681	-10.843	-15.783	-5.3887	-5.2661	6.0323
-3.5081	4.5829	9.5527	0.39401	0.72996	-7.9716	-10.797	-15.883	-5.4045	-5.3622	6.0068
-3.5186	4.5439	9.6039	0.42514	0.79571	-7.9752	-10.752	-15.983	-5.4202	-5.4583	5.9814
-3.5291	4.5049	9.655	0.45627	0.86146	-7.9788	-10.706	-16.083	-5.4359	-5.5543	5.9559
-3.5396	4.4658	9.7062	0.4874	0.92721	-7.9823	-10.66	-16.183	-5.4517	-5.6504	5.9304
-3.5501	4.4268	9.7574	0.51853	0.99296	-7.9859	-10.614	-16.283	-5.4674	-5.7465	5.9049
-3.5544	4.3782	9.7928	0.55662	1.0506	-7.9671	-10.55	-16.357	-5.4853	-5.8381	5.8589
-3.5559	4.3252	9.821	0.59793	1.1046	-7.9381	-10.476	-16.418	-5.5043	-5.9276	5.8033
-3.5574	4.2722	9.8493	0.63924	1.1586	-7.909	-10.402	-16.479	-5.5232	-6.0171	5.7478
-3.5589	4.2192	9.8775	0.68054	1.2125	-7.8799	-10.329	-16.54	-5.5421	-6.1066	5.6922
-3.5604	4.1662	9.9057	0.72185	1.2665	-7.8509	-10.255	-16.601	-5.561	-6.1961	5.6367
-3.5619	4.1132	9.9339	0.76316	1.3204	-7.8218	-10.181	-16.662	-5.5799	-6.2855	5.5811
-3.5634	4.0602	9.9621	0.80447	1.3744	-7.7928	-10.108	-16.723	-5.5988	-6.375	5.5256
-3.5649	4.0072	9.9903	0.84577	1.4283	-7.7637	-10.034	-16.784	-5.6178	-6.4645	5.47
-3.5664	3.9542	10.018	0.88708	1.4823	-7.7347	-9.9604	-16.845	-5.6367	-6.554	5.4145
-3.5679	3.9012	10.047	0.92839	1.5363	-7.7056	-9.8867	-16.906	-5.6556	-6.6435	5.3589
-3.5694	3.8482	10.075	0.96969	1.5902	-7.6766	-9.8131	-16.967	-5.6745	-6.733	5.3034
-3.5709	3.7952	10.103	1.011	1.6442	-7.6475	-9.7394	-17.028	-5.6934	-6.8225	5.2478
-3.5724	3.7422	10.131	1.0523	1.6981	-7.6184	-9.6658	-17.09	-5.7123	-6.9119	5.1923
-3.5739	3.6892	10.159	1.0936	1.7521	-7.5894	-9.5921	-17.151	-5.7313	-7.0014	5.1367
-3.5754	3.6362	10.188	1.1349	1.806	-7.5603	-9.5185	-17.212	-5.7502	-7.0909	5.0812
-3.5769	3.5832	10.216	1.1762	1.86	-7.5313	-9.4448	-17.273	-5.7691	-7.1804	5.0256
-3.5784	3.5302	10.244	1.2175	1.914	-7.5022	-9.3712	-17.334	-5.788	-7.2699	4.9701
-3.5799	3.4772	10.272	1.2588	1.9679	-7.4732	-9.2975	-17.395	-5.8069	-7.3594	4.9145
-3.5814	3.4242	10.3	1.3002	2.0219	-7.4441	-9.2239	-17.456	-5.8259	-7.4489	4.859
-3.5829	3.3712	10.329	1.3415	2.0758	-7.415	-9.1502	-17.517	-5.8448	-7.5383	4.8034
-3.5844	3.3182	10.357	1.3828	2.1298	-7.386	-9.0766	-17.578	-5.8637	-7.6278	4.7478
-3.5859	3.2652	10.385	1.4241	2.1837	-7.3569	-9.0029	-17.639	-5.8826	-7.7173	4.6923
-3.5874	3.2122	10.413	1.4654	2.2377	-7.3279	-8.9293	-17.7	-5.9015	-7.8068	4.6367
-3.5889	3.1592	10.441	1.5067	2.2917	-7.2988	-8.8556	-17.761	-5.9204	-7.8963	4.5812
-3.5904	3.1062	10.47	1.548	2.3456	-7.2698	-8.782	-17.822	-5.9394	-7.9858	4.5256
-3.5919	3.0532	10.498	1.5893	2.3996	-7.2407	-8.7083	-17.884	-5.9583	-8.0753	4.4701
-3.5934	3.0002	10.526	1.6306	2.4535	-7.2116	-8.6347	-17.945	-5.9772	-8.1647	4.4145
-3.5949	2.9472	10.554	1.6719	2.5075	-7.1826	-8.561	-18.006	-5.9961	-8.2542	4.359
-3.5964	2.8942	10.583	1.7132	2.5614	-7.1535	-8.4874	-18.067	-6.015	-8.3437	4.3034
-3.5979	2.8412	10.611	1.7545	2.6154	-7.1245	-8.4137	-18.128	-6.0339	-8.4332	4.2479
-3.5994	2.7882	10.639	1.7958	2.6694	-7.0954	-8.3401	-18.189	-6.0529	-8.5227	4.1923
-3.6009	2.7352	10.667	1.8371	2.7233	-7.0664	-8.2664	-18.25	-6.0718	-8.6122	4.1368
-3.6024	2.6822	10.695	1.8785	2.7773	-7.0373	-8.1928	-18.311	-6.0907	-8.7017	4.0812
-3.6039	2.6292	10.724	1.9198	2.8312	-7.0082	-8.1192	-18.372	-6.1096	-8.7911	4.0257
-3.6054	2.5762	10.752	1.9611	2.8852	-6.9792	-8.0455	-18.433	-6.1285	-8.8806	3.9701
-3.6069	2.5232	10.78	2.0024	2.9392	-6.9501	-7.9719	-18.494	-6.1474	-8.9701	3.9146
-3.6084	2.4702	10.808	2.0437	2.9931	-6.9211	-7.8982	-18.555	-6.1664	-9.0596	3.859
-3.6099	2.4172	10.836	2.085	3.0471	-6.892	-7.8246	-18.616	-6.1853	-9.1491	3.8035
-3.6114	2.3642	10.865	2.1263	3.101	-6.863	-7.7509	-18.678	-6.2042	-9.2386	3.7479
-3.6129	2.3112	10.893	2.1676	3.155	-6.8339	-7.6773	-18.739	-6.2231	-9.3281	3.6924
-3.6144	2.2582	10.921	2.2089	3.2089	-6.8048	-7.6036	-18.8	-6.242	-9.4175	3.6368
-3.6159	2.2052	10.949	2.2502	3.2629	-6.7758	-7.53	-18.861	-6.2609	-9.507	3.5813
-3.6174	2.1522	10.977	2.2915	3.3169	-6.7467	-7.4563	-18.922	-6.2799	-9.5965	3.5257
-3.6189	2.0992	11.006	2.3328	3.3708	-6.7177	-7.3827	-18.983	-6.2988	-9.686	3.4702
-3.6204	2.0462	11.034	2.3741	3.4248	-6.6886	-7.309	-19.044	-6.3177	-9.7755	3.4146
-3.6219	1.9932	11.062	2.4154	3.4787	-6.6596	-7.2354	-19.105	-6.3366	-9.865	3.3591
-3.6234	1.9402	11.09	2.4568	3.5327	-6.6305	-7.1617	-19.166	-6.3555	-9.9545	3.3035
-3.6249	1.8872	11.118	2.4981	3.5866	-6.6014	-7.0881	-19.227	-6.3745	-10.044	3.248
-3.6264	1.8342	11.147	2.5394	3.6406	-6.5724	-7.0144	-19.288	-6.3934	-10.133	3.1924
-3.6279	1.7812	11.175	2.5807	3.6946	-6.5433	-6.9408	-19.349	-6.4123	-10.223	3.1369
-3.6294	1.7283	11.203	2.622	3.7485	-6.5143	-6.8671	-19.41	-6.4312	-10.312	3.0813
-3.6309	1.6753	11.231	2.6633	3.8025	-6.4852	-6.7935	-19.472	-6.4501	-10.402	3.0258
-3.6312	1.6217	11.256	2.7051	3.8548	-6.4528	-6.7173	-19.526	-6.4688	-10.489	2.9667
-3.6213	1.5632	11.249	2.751	3.8933	-6.3913	-6.6204	-19.524	-6.485	-10.557	2.8779
-3.6114	1.5047	11.243	2.7968	3.9318	-6.3299	-6.5234	-19.521	-6.5012	-10.626	2.7891
-3.6015	1.4463	11.237	2.8427	3.9703	-6.2685	-6.4265	-19.519	-6.5175	-10.694	2.7002
-3.5917	1.3878	11.23	2.8886	4.0088	-6.2071	-6.3295	-19.517	-6.5337	-10.763	2.6114
-3.5818	1.3293	11.224	2.9345	4.0472	-6.1457	-6.2325	-19.515	-6.55	-10.831	2.5226
-3.5719	1.2709	11.217	2.9803	4.0857	-6.0843	-6.1356	-19.513	-6.5662	-10.899	2.4338
-3.5621	1.2124	11.211	3.0262	4.1242	-6.0229	-6.0386	-19.51	-6.5824	-10.968	2.345
-3.5522	1.1539	11.205	3.0721	4.1627	-5.9614	-5.9416	-19.508	-6.5987	-11.036	2.2561
-3.5423	1.0954	11.198	3.118	4.2012	-5.9	-5.8447	-19.506	-6.6149	-11.104	2.1673
-3.5325	1.037	11.192	3.1638	4.2397	-5.8386	-5.7477	-19.504	-6.6312	-11.173	2.0785
-3.5226	0.9785	11.186	3.2097	4.2782	-5.7772	-5.6507	-19.501	-6.6474	-11.241	1.9897
-3.5127	0.92003	11.179	3.2556	4.3167	-5.7158	-5.5538	-19.499	-6.6636	-11.309	1.9009
-3.5029	0.86156	11.173	3.3015	4.3552	-5.6544	-5.4568	-19.497	-6.6799	-11.378	1.812
-3.493	0.80309	11.166	3.3473	4.3937	-5.593	-5.3599	-19.495	-6.6961	-11.446	1.7232
-3.4831	0.74462	11.16	3.3932	4.4321	-5.5316	-5.2629	-19.492	-6.7124	-11.514	1.6344
-3.4733	0.68615	11.154	3.4391	4.4706	-5.4701	-5.1659	-19.49	-6.7286	-11.583	1.5456
-3.4634	0.62768	11.147	3.485	4.5091	-5.4087	-5.069	-19.488	-6.7449	-11.651	1.4568
-3.4535	0.56921	11.141	3.5308	4.5476	-5.3473	-4.972	-19.486	-6.7611	-11.719	1.368
-3.4437	0.51074	11.135	3.5767	4.5861	-5.2859	-4.875	-19.483	-6.7773	-11.788	1.2791
-3.4338	0.45227	11.128	3.6226	4.6246	-5.2245	-4.7781	-19.481	-6.7936	-11.856	1.1903
-3.4239	0.3938	11.122	3.6685	4.6631	-5.1631	-4.6811	-19.479	-6.8098	-11.924	1.1015
-3.414	0.33533	11.115	3.7143	4.7016	-5.1017	-4.5841	-19.477	-6.8261	-11.993	1.0127
-3.4042	0.27686	11.109	3.7602	4.7401	-5.0402	-4.4872	-19.475	-6.8423	-12.061	0.92386
-3.3943	0.21838	11.103	3.8061	4.7786	-4.9788	-4.3902	-19.472	-6.8585	-12.129	0.83504
-3.3844	0.15991	11.096	3.852	4.817	-4.9174	-4.2933	-19.47	-6.8748	-12.198	0.74622
-3.3746	0.10144	11.09	3.8978	4.8555	-4.856	-4.1963	-19.468	-6.891	-12.266	0.6574
-3.3647	0.042973	11.084	3.9437	4.894	-4.7946	-4.0993	-19.466	-6.9073	-12.334	0.56858
-3.3548	-0.015497	11.077	3.9896	4.9325	-4.7332	-4.0024	-19.463	-6.9235	-12.403	0.47976
-3.345	-0.073968	11.071	4.0355	4.971	-4.6718	-3.9054	-19.461	-6.9397	-12.471	0.39094
-3.3351	-0.13244	11.065	4.0813	5.0095	-4.6104	-3.8084	-19.459	-6.956	-12.539	0.30212
-3.3252	-0.19091	11.058	4.1272	5.048	-4.5489	-3.7115	-19.457	-6.9722	-12.608	0.2133
-3.3154	-0.24938	11.052	4.1731	5.0865	-4.4875	-3.6145	-19.454	-6.9885	-12.676	0.12448
-3.3055	-0.30785	11.045	4.219	5.125	-4.4261	-3.5175	-19.452	-7.0047	-12.744	0.035665
-3.2956	-0.36632	11.039	4.2648	5.1634	-4.3647	-3.4206	-19.45	-7.0209	-12.813	-0.053154
-3.2858	-0.42479	11.033	4.3107	5.2019	-4.3033	-3.3236	-19.448	-7.0372	-12.881	-0.14197
-3.2759	-0.48326	11.026	4.3566	5.2404	-4.2419	-3.2267	-19.445	-7.0534	-12.95	-0.23079
-3.266	-0.54173	11.02	4.4025	5.2789	-4.1805	-3.1297	-19.443	-7.0697	-13.018	-0.31961
-3.2561	-0.6002	11.014	4.4483	5.3174	-4.1191	-3.0327	-19.441	-7.0859	-13.086	-0.40843
-3.2463	-0.65867	11.007	4.4942	5.3559	-4.0576	-2.9358	-19.439	-7.1022	-13.155	-0.49725
-3.2364	-0.71714	11.001	4.5401	5.3944	-3.9962	-2.8388	-19.436	-7.1184	-13.223	-0.58607
-3.2265	-0.77561	10.994	4.586	5.4329	-3.9348	-2.7418	-19.434	-7.1346	-13.291	-0.67489
-3.2167	-0.83408	10.988	4.6318	5.4714	-3.8734	-2.6449	-19.432	-7.1509	-13.36	-0.76371
-3.2068	-0.89255	10.982	4.6777	5.5099	-3.812	-2.5479	-19.43	-7.1671	-13.428	-0.85253
-3.1969	-0.95102	10.975	4.7236	5.5483	-3.7506	-2.4509	-19.428	-7.1834	-13.496	-0.94135
-3.1871	-1.0095	10.969	4.7694	5.5868	-3.6892	-2.354	-19.425	-7.1996	-13.565	-1.0302
-3.1772	-1.068	10.963	4.8153	5.6253	-3.6277	-2.257	-19.423	-7.2158	-13.633	-1.119
-3.1673	-1.1264	10.956	4.8612	5.6638	-3.5663	-2.1601	-19.421	-7.2321	-13.701	-1.2078
-3.1575	-1.1849	10.95	4.9071	5.7023	-3.5049	-2.0631	-19.419	-7.2483	-13.77	-1.2966
-3.1476	-1.2434	10.943	4.9529	5.7408	-3.4435	-1.9661	-19.416	-7.2646	-13.838	-1.3854
-3.1377	-1.3018	10.937	4.9988	5.7793	-3.3821	-1.8692	-19.414	-7.2808	-13.906	-1.4743
-3.1279	-1.3603	10.931	5.0447	5.8178	-3.3207	-1.7722	-19.412	-7.297	-13.975	-1.5631
-3.118	-1.4188	10.924	5.0906	5.8563	-3.2593	-1.6752	-19.41	-7.3133	-14.043	-1.6519
-3.1033	-1.4738	10.899	5.1343	5.8847	-3.1878	-1.5747	-19.372	-7.3245	-14.094	-1.7509
-3.0843	-1.5256	10.857	5.176	5.9041	-3.1072	-1.4711	-19.303	-7.3313	-14.128	-1.859
-3.0653	-1.5775	10.815	5.2178	5.9235	-3.0266	-1.3674	-19.233	-7.3381	-14.163	-1.9671
-3.0463	-1.6293	10.773	5.2595	5.943	-2.946	-1.2638	-19.164	-7.3449	-14.198	-2.0753
-3.0272	-1.6811	10.731	5.3013	5.9624	-2.8655	-1.1601	-19.094	-7.3517	-14.232	-2.1834
-3.0082	-1.733	10.689	5.3431	5.9818	-2.7849	-1.0565	-19.025	-7.3584	-14.267	-2.2915
-2.9892	-1.7848	10.647	5.3848	6.0012	-2.7043	-0.95281	-18.956	-7.3652	-14.302	-2.3997
-2.9702	-1.8367	10.605	5.4266	6.0206	-2.6237	-0.84915	-18.886	-7.372	-14.336	-2.5078
-2.9512	-1.8885	10.564	5.4683	6.04	-2.5431	-0.74549	-18.817	-7.3788	-14.371	-2.6159
-2.9322	-1.9403	10.522	5.5101	6.0595	-2.4626	-0.64184	-18.747	-7.3856	-14.406	-2.724
-2.9131	-1.9922	10.48	5.5518	6.0789	-2.382	-0.53818	-18.678	-7.3923	-14.44	-2.8322
-2.8941	-2.044	10.438	5.5936	6.0983	-2.3014	-0.43452	-18.608	-7.3991	-14.475	-2.9403
-2.8751	-2.0959	10.396	5.6353	6.1177	-2.2208	-0.33087	-18.539	-7.4059	-14.51	-3.0484
-2.8561	-2.1477	10.354	5.6771	6.1371	-2.1403	-0.22721	-18.47	-7.4127	-14.544	-3.1566
-2.8371	-2.1995	10.312	5.7188	6.1565	-2.0597	-0.12355	-18.4	-7.4194	-14.579	-3.2647
-2.8181	-2.2514	10.27	5.7606	6.1759	-1.9791	-0.019896	-18.331	-7.4262	-14.614	-3.3728
-2.7991	-2.3032	10.228	5.8024	6.1954	-1.8985	0.083761	-18.261	-7.433	-14.648	-3.4809
-2.78	-2.3551	10.186	5.8441	6.2148	-1.8179	0.18742	-18.192	-7.4398	-14.683	-3.5891
-2.761	-2.4069	10.144	5.8859	6.2342	-1.7374	0.29107	-18.123	-7.4466	-14.718	-3.6972
-2.742	-2.4587	10.102	5.9276	6.2536	-1.6568	0.39473	-18.053	-7.4533	-14.752	-3.8053
-2.723	-2.5106	10.06	5.9694	6.273	-1.5762	0.49839	-17.984	-7.4601	-14.787	-3.9135
-2.704	-2.5624	10.018	6.0111	6.2924	-1.4956	0.60204	-17.914	-7.4669	-14.822	-4.0216
-2.685	-2.6143	9.9761	6.0529	6.3119	-1.4151	0.7057	-17.845	-7.4737	-14.856	-4.1297
-2.6659	-2.6661	9.9341	6.0946	6.3313	-1.3345	0.80936	-17.775	-7.4805	-14.891	-4.2378
-2.6469	-2.7179	9.8922	6.1364	6.3507	-1.2539	0.91302	-17.706	-7.4872	-14.926	-4.346
-2.6279	-2.7698	9.8502	6.1782	6.3701	-1.1733	1.0167	-17.637	-7.494	-14.96	-4.4541
-2.6089	-2.8216	9.8082	6.2199	6.3895	-1.0927	1.1203	-17.567	-7.5008	-14.995	-4.5622
-2.5899	-2.8735	9.7663	6.2617	6.4089	-1.0122	1.224	-17.498	-7.5076	-15.03	-4.6704
-2.5709	-2.9253	9.7243	6.3034	6.4283	-0.93159	1.3276	-17.428	-7.5143	-15.064	-4.7785
-2.5519	-2.9772	9.6824	6.3452	6.4478	-0.85102	1.4313	-17.359	-7.5211	-15.099	-4.8866
-2.5328	-3.029	9.6404	6.3869	6.4672	-0.77044	1.535	-17.29	-7.5279	-15.134	-4.9947
-2.5138	-3.0808	9.5984	6.4287	6.4866	-0.68986	1.6386	-17.22	-7.5347	-15.168	-5.1029
-2.4948	-3.1327	9.5565	6.4704	6.506	-0.60928	1.7423	-17.151	-7.5415	-15.203	-5.211
-2.4758	-3.1845	9.5145	6.5122	6.5254	-0.5287	1.8459	-17.081	-7.5482	-15.238	-5.3191
-2.4568	-3.2364	9.4726	6.5539	6.5448	-0.44813	1.9496	-17.012	-7.555	-15.272	-5.4273
-2.4378	-3.2882	9.4306	6.5957	6.5643	-0.36755	2.0532	-16.943	-7.5618	-15.307	-5.5354
-2.4187	-3.34	9.3887	6.6375	6.5837	-0.28697	2.1569	-16.873	-7.5686	-15.342	-5.6435
-2.3997	-3.3919	9.3467	6.6792	6.6031	-0.20639	2.2606	-16.804	-7.5754	-15.376	-5.7516
-2.3807	-3.4437	9.3047	6.721	6.6225	-0.12582	2.3642	-16.734	-7.5821	-15.411	-5.8598
-2.3617	-3.4956	9.2628	6.7627	6.6419	-0.045238	2.4679	-16.665	-7.5889	-15.446	-5.9679
-2.3427	-3.5474	9.2208	6.8045	6.6613	0.03534	2.5715	-16.595	-7.5957	-15.48	-6.076
-2.3237	-3.5992	9.1789	6.8462	6.6807	0.11592	2.6752	-16.526	-7.6025	-15.515	-6.1842
-2.3047	-3.6511	9.1369	6.888	6.7002	0.1965	2.7788	-16.457	-7.6093	-15.55	-6.2923
-2.2856	-3.7029	9.0949	6.9297	6.7196	0.27707	2.8825	-16.387	-7.616	-15.584	-6.4004
-2.2666	-3.7548	9.053	6.9715	6.739	0.35765	2.9862	-16.318	-7.6228	-15.619	-6.5085
-2.2476	-3.8066	9.011	7.0133	6.7584	0.43823	3.0898	-16.248	-7.6296	-15.654	-6.6167
-2.2286	-3.8584	8.9691	7.055	6.7778	0.51881	3.1935	-16.179	-7.6364	-15.688	-6.7248
-2.2096	-3.9103	8.9271	7.0968	6.7972	0.59938	3.2971	-16.11	-7.6431	-15.723	-6.8329
-2.1906	-3.9621	8.8851	7.1385	6.8167	0.67996	3.4008	-16.04	-7.6499	-15.758	-6.9411
-2.1715	-4.014	8.8432	7.1803	6.8361	0.76054	3.5044	-15.971	-7.6567	-15.792	-7.0492
-2.1525	-4.0658	8.8012	7.222	6.8555	0.84112	3.6081	-15.901	-7.6635	-15.827	-7.1573
-2.1335	-4.1176	8.7593	7.2638	6.8749	0.92169	3.7117	-15.832	-7.6703	-15.862	-7.2654
-2.1145	-4.1695	8.7173	7.3055	6.8943	1.0023	3.8154	-15.762	-7.677	-15.896	-7.3736
-2.0911	-4.2061	8.6498	7.3337	6.8975	1.0823	3.9082	-15.644	-7.6671	-15.895	-7.477
-2.0674	-4.2419	8.581	7.3611	6.8997	1.1623	4.0004	-15.522	-7.6562	-15.891	-7.5802
-2.0438	-4.2777	8.5121	7.3885	6.902	1.2423	4.0925	-15.4	-7.6453	-15.888	-7.6835
-2.0201	-4.3135	8.4432	7.416	6.9042	1.3223	4.1847	-15.279	-7.6344	-15.884	-7.7867
-1.9964	-4.3493	8.3743	7.4434	6.9065	1.4023	4.2769	-15.157	-7.6236	-15.881	-7.8899
-1.9728	-4.3851	8.3054	7.4708	6.9087	1.4823	4.3691	-15.036	-7.6127	-15.877	-7.9931
-1.9491	-4.4209	8.2365	7.4982	6.911	1.5622	4.4613	-14.914	-7.6018	-15.874	-8.0963
-1.9255	-4.4567	8.1676	7.5256	6.9132	1.6422	4.5534	-14.792	-7.5909	-15.87	-8.1995
-1.9018	-4.4925	8.0988	7.553	6.9155	1.7222	4.6456	-14.671	-7.58	-15.867	-8.3027
-1.8781	-4.5283	8.0299	7.5805	6.9177	1.8022	4.7378	-14.549	-7.5692	-15.863	-8.4059
-1.8545	-4.564	7.961	7.6079	6.9199	1.8822	4.83	-14.427	-7.5583	-15.86	-8.5091
-1.8308	-4.5998	7.8921	7.6353	6.9222	1.9622	4.9221	-14.306	-7.5474	-15.856	-8.6123
-1.8072	-4.6356	7.8232	7.6627	6.9244	2.0422	5.0143	-14.184	-7.5365	-15.853	-8.7155
-1.7835	-4.6714	7.7543	7.6901	6.9267	2.1222	5.1065	-14.063	-7.5256	-15.849	-8.8187
-1.7598	-4.7072	7.6854	7.7175	6.9289	2.2022	5.1987	-13.941	-7.5148	-15.846	-8.9219
-1.7362	-4.743	7.6166	7.7449	6.9312	2.2822	5.2909	-13.819	-7.5039	-15.842	-9.0252
-1.7125	-4.7788	7.5477	7.7724	6.9334	2.3622	5.383	-13.698	-7.493	-15.839	-9.1284
-1.6889	-4.8146	7.4788	7.7998	6.9357	2.4421	5.4752	-13.576	-7.4821	-15.835	-9.2316
-1.6652	-4.8504	7.4099	7.8272	6.9379	2.5221	5.5674	-13.455	-7.4712	-15.832	-9.3348
-1.6415	-4.8862	7.341	7.8546	6.9402	2.6021	5.6596	-13.333	-7.4603	-15.828	-9.438
-1.6179	-4.922	7.2721	7.882	6.9424	2.6821	5.7518	-13.211	-7.4495	-15.825	-9.5412
-1.5942	-4.9578	7.2032	7.9094	6.9447	2.7621	5.8439	-13.09	-7.4386	-15.821	-9.6444
-1.5706	-4.9936	7.1343	7.9369	6.9469	2.8421	5.9361	-12.968	-7.4277	-15.818	-9.7476
-1.5469	-5.0293	7.0655	7.9643	6.9492	2.9221	6.0283	-12.846	-7.4168	-15.814	-9.8508
-1.5232	-5.0651	6.9966	7.9917	6.9514	3.0021	6.1205	-12.725	-7.4059	-15.811	-9.954
-1.4996	-5.1009	6.9277	8.0191	6.9537	3.0821	6.2126	-12.603	-7.3951	-15.808	-10.057
-1.4759	-5.1367	6.8588	8.0465	6.9559	3.1621	6.3048	-12.482	-7.3842	-15.804	-10.16
-1.4523	-5.1725	6.7899	8.0739	6.9582	3.2421	6.397	-12.36	-7.3733	-15.801	-10.264
-1.4286	-5.2083	6.721	8.1014	6.9604	3.3221	6.4892	-12.238	-7.3624	-15.797	-10.367
-1.4049	-5.2441	6.6521	8.1288	6.9627	3.402	6.5814	-12.117	-7.3515	-15.794	-10.47
-1.3813	-5.2799	6.5833	8.1562	6.9649	3.482	6.6735	-11.995	-7.3407	-15.79	-10.573
-1.3576	-5.3157	6.5144	8.1836	6.9672	3.562	6.7657	-11.874	-7.3298	-15.787	-10.676
-1.334	-5.3515	6.4455	8.211	6.9694	3.642	6.8579	-11.752	-7.3189	-15.783	-10.78
-1.3103	-5.3873	6.3766	8.2384	6.9717	3.722	6.9501	-11.63	-7.308	-15.78	-10.883
-1.2866	-5.4231	6.3077	8.2659	6.9739	3.802	7.0422	-11.509	-7.2971	-15.776	-10.986
-1.263	-5.4588	6.2388	8.2933	6.9762	3.882	7.1344	-11.387	-7.2863	-15.773	-11.089
-1.2393	-5.4946	6.1699	8.3207	6.9784	3.962	7.2266	-11.265	-7.2754	-15.769	-11.193
-1.2157	-5.5304	6.1011	8.3481	6.9807	4.042	7.3188	-11.144	-7.2645	-15.766	-11.296
-1.192	-5.5662	6.0322	8.3755	6.9829	4.122	7.411	-11.022	-7.2536	-15.762	-11.399
-1.1683	-5.602	5.9633	8.4029	6.9852	4.202	7.5031	-10.901	-7.2427	-15.759	-11.502
-1.1447	-5.6378	5.8944	8.4303	6.9874	4.2819	7.5953	-10.779	-7.2318	-15.755	-11.605
-1.121	-5.6736	5.8255	8.4578	6.9896	4.3619	7.6875	-10.657	-7.221	-15.752	-11.709
-1.0973	-5.7094	5.7566	8.4852	6.9919	4.4419	7.7797	-10.536	-7.2101	-15.748	-11.812
-1.0737	-5.7452	5.6877	8.5126	6.9941	4.5219	7.8719	-10.414	-7.1992	-15.745	-11.915
-1.05	-5.781	5.6189	8.54	6.9964	4.6019	7.964	-10.293	-7.1883	-15.741	-12.018
-1.0264	-5.8168	5.55	8.5674	6.9986	4.6819	8.0562	-10.171	-7.1774	-15.738	-12.121
-1.0027	-5.8526	5.4811	8.5948	7.0009	4.7619	8.1484	-10.049	-7.1666	-15.734	-12.225
-0.97905	-5.8884	5.4122	8.6223	7.0031	4.8419	8.2406	-9.9277	-7.1557	-15.731	-12.328
-0.95539	-5.9241	5.3433	8.6497	7.0054	4.9219	8.3327	-9.8061	-7.1448	-15.727	-12.431
-0.93173	-5.9599	5.2744	8.6771	7.0076	5.0019	8.4249	-9.6844	-7.1339	-15.724	-12.534
-0.90807	-5.9957	5.2055	8.7045	7.0099	5.0819	8.5171	-9.5628	-7.123	-15.72	-12.637
-0.88441	-6.0315	5.1366	8.7319	7.0121	5.1619	8.6093	-9.4412	-7.1122	-15.717	-12.741
-0.86086	-6.0599	5.0633	8.751	7.0102	5.2347	8.6919	-9.3102	-7.0931	-15.7	-12.833
-0.83752	-6.0758	4.9823	8.7558	7.001	5.2951	8.7582	-9.1631	-7.0601	-15.661	-12.906
-0.81418	-6.0916	4.9014	8.7606	6.9919	5.3556	8.8245	-9.016	-7.0271	-15.621	-12.979
-0.79084	-6.1074	4.8204	8.7654	6.9827	5.4161	8.8908	-8.8689	-6.994	-15.582	-13.052
-0.7675	-6.1232	4.7395	8.7702	6.9735	5.4766	8.9572	-8.7218	-6.961	-15.542	-13.125
-0.74416	-6.139	4.6585	8.7751	6.9644	5.537	9.0235	-8.5747	-6.928	-15.503	-13.198
-0.72082	-6.1548	4.5775	8.7799	6.9552	5.5975	9.0898	-8.4276	-6.895	-15.464	-13.271
-0.69748	-6.1706	4.4966	8.7847	6.9461	5.658	9.1561	-8.2805	-6.8619	-15.424	-13.344
-0.67414	-6.1864	4.4156	8.7895	6.9369	5.7185	9.2224	-8.1334	-6.8289	-15.385	-13.417
-0.6508	-6.2022	4.3346	8.7943	6.9278	5.7789	9.2887	-7.9863	-6.7959	-15.345	-13.49
-0.62746	-6.218	4.2537	8.7991	6.9186	5.8394	9.355	-7.8392	-6.7628	-15.306	-13.563
-0.60412	-6.2338	4.1727	8.8039	6.9094	5.8999	9.4213	-7.6921	-6.7298	-15.266	-13.637
-0.58078	-6.2496	4.0918	8.8087	6.9003	5.9604	9.4876	-7.5451	-6.6968	-15.227	-13.71
-0.55744	-6.2654	4.0108	8.8135	6.8911	6.0209	9.5539	-7.398	-6.6638	-15.188	-13.783
-0.5341	-6.2813	3.9298	8.8183	6.882	6.0813	9.6202	-7.2509	-6.6307	-15.148	-13.856
-0.51076	-6.2971	3.8489	8.8231	6.8728	6.1418	9.6865	-7.1038	-6.5977	-15.109	-13.929
-0.48742	-6.3129	3.7679	8.828	6.8636	6.2023	9.7528	-6.9567	-6.5647	-15.069	-14.002
-0.46408	-6.3287	3.6869	8.8328	6.8545	6.2628	9.8191	-6.8096	-6.5317	-15.03	-14.075
-0.44074	-6.3445	3.606	8.8376	6.8453	6.3232	9.8854	-6.6625	-6.4986	-14.991	-14.148
-0.4174	-6.3603	3.525	8.8424	6.8362	6.3837	9.9518	-6.5154	-6.4656	-14.951	-14.221
-0.39406	-6.3761	3.4441	8.8472	6.827	6.4442	10.018	-6.3683	-6.4326	-14.912	-14.294
-0.37072	-6.3919	3.3631	8.852	6.8178	6.5047	10.084	-6.2212	-6.3996	-14.872	-14.367
-0.34738	-6.4077	3.2821	8.8568	6.8087	6.5651	10.151	-6.0741	-6.3665	-14.833	-14.44
-0.32404	-6.4235	3.2012	8.8616	6.7995	6.6256	10.217	-5.927	-6.3335	-14.793	-14.513
-0.3007	-6.4393	3.1202	8.8664	6.7904	6.6861	10.283	-5.7799	-6.3005	-14.754	-14.586
-0.27736	-6.4551	3.0392	8.8712	6.7812	6.7466	10.35	-5.6328	-6.2674	-14.715	-14.66
-0.25402	-6.4709	2.9583	8.8761	6.7721	6.807	10.416	-5.4857	-6.2344	-14.675	-14.733
-0.23068	-6.4867	2.8773	8.8809	6.7629	6.8675	10.482	-5.3386	-6.2014	-14.636	-14.806
-0.20734	-6.5026	2.7964	8.8857	6.7537	6.928	10.549	-5.1915	-6.1684	-14.596	-14.879
-0.184	-6.5184	2.7154	8.8905	6.7446	6.9885	10.615	-5.0444	-6.1353	-14.557	-14.952
-0.16066	-6.5342	2.6344	8.8953	6.7354	7.049	10.681	-4.8973	-6.1023	-14.517	-15.025
-0.13732	-6.55	2.5535	8.9001	6.7263	7.1094	10.747	-4.7502	-6.0693	-14.478	-15.098
-0.11398	-6.5658	2.4725	8.9049	6.7171	7.1699	10.814	-4.6031	-6.0363	-14.439	-15.171
-0.090637	-6.5816	2.3915	8.9097	6.7079	7.2304	10.88	-4.456	-6.0032	-14.399	-15.244
-0.067297	-6.5974	2.3106	8.9145	6.6988	7.2909	10.946	-4.3089	-5.9702	-14.36	-15.317
-0.043957	-6.6132	2.2296	8.9193	6.6896	7.3513	11.013	-4.1618	-5.9372	-14.32	-15.39
-0.020617	-6.629	2.1486	8.9241	6.6805	7.4118	11.079	-4.0147	-5.9042	-14.281	-15.463
0.0027236	-6.6448	2.0677	8.929	6.6713	7.4723	11.145	-3.8676	-5.8711	-14.242	-15.536
0.026064	-6.6606	1.9867	8.9338	6.6622	7.5328	11.212	-3.7205	-5.8381	-14.202	-15.609
0.049404	-6.6764	1.9058	8.9386	6.653	7.5932	11.278	-3.5735	-5.8051	-14.163	-15.683
0.072744	-6.6922	1.8248	8.9434	6.6438	7.6537	11.344	-3.4264	-5.7721	-14.123	-15.756
0.096084	-6.7081	1.7438	8.9482	6.6347	7.7142	11.411	-3.2793	-5.739	-14.084	-15.829
0.11942	-6.7239	1.6629	8.953	6.6255	7.7747	11.477	-3.1322	-5.706	-14.044	-15.902
0.14276	-6.7397	1.5819	8.9578	6.6164	7.8352	11.543	-2.9851	-5.673	-14.005	-15.975
0.16611	-6.7555	1.5009	8.9626	6.6072	7.8956	11.609	-2.838	-5.6399	-13.966	-16.048
0.18945	-6.7713	1.42	8.9674	6.598	7.9561	11.676	-2.6909	-5.6069	-13.926	-16.121
0.21279	-6.7871	1.339	8.9722	6.5889	8.0166	11.742	-2.5438	-5.5739	-13.887	-16.194
0.23613	-6.8029	1.2581	8.977	6.5797	8.0771	11.808	-2.3967	-5.5409	-13.847	-16.267
0.25947	-6.8187	1.1771	8.9819	6.5706	8.1375	11.875	-2.2496	-5.5078	-13.808	-16.34
0.28281	-6.8345	1.0961	8.9867	6.5614	8.198	11.941	-2.1025	-5.4748	-13.769	-16.413
0.30615	-6.8503	1.0152	8.9915	6.5522	8.2585	12.007	-1.9554	-5.4418	-13.729	-16.486
0.32949	-6.8661	0.93421	8.9963	6.5431	8.319	12.074	-1.8083	-5.4088	-13.69	-16.559
0.35283	-6.8819	0.85324	9.0011	6.5339	8.3794	12.14	-1.6612	-5.3757	-13.65	-16.633
0.37214	-6.8827	0.7763	8.9863	6.5196	8.4138	12.179	-1.5211	-5.3266	-13.589	-16.666
0.39038	-6.8795	0.70042	8.9662	6.504	8.4413	12.21	-1.3828	-5.2732	-13.522	-16.688
0.40862	-6.8763	0.62455	8.9462	6.4883	8.4687	12.242	-1.2445	-5.2198	-13.455	-16.71
0.42686	-6.8731	0.54867	8.9262	6.4726	8.4962	12.273	-1.1062	-5.1664	-13.389	-16.733
0.4451	-6.8699	0.4728	8.9061	6.4569	8.5236	12.305	-0.96792	-5.113	-13.322	-16.755
0.46333	-6.8667	0.39692	8.8861	6.4413	8.5511	12.336	-0.82964	-5.0595	-13.255	-16.778
0.48157	-6.8635	0.32104	8.866	6.4256	8.5785	12.367	-0.69135	-5.0061	-13.188	-16.8
0.49981	-6.8603	0.24517	8.846	6.4099	8.6059	12.399	-0.55307	-4.9527	-13.121	-16.822
0.51805	-6.8571	0.16929	8.8259	6.3942	8.6334	12.43	-0.41478	-4.8993	-13.054	-16.845
0.53629	-6.8539	0.093417	8.8059	6.3786	8.6608	12.462	-0.27649	-4.8459	-12.987	-16.867
0.55453	-6.8507	0.017541	8.7859	6.3629	8.6883	12.493	-0.13821	-4.7925	-12.921	-16.889
0.57277	-6.8475	-0.058334	8.7658	6.3472	8.7157	12.525	7.5517e-05	-4.7391	-12.854	-16.912
0.59101	-6.8443	-0.13421	8.7458	6.3315	8.7431	12.556	0.13836	-4.6856	-12.787	-16.934
0.60925	-6.8411	-0.21009	8.7257	6.3159	8.7706	12.588	0.27665	-4.6322	-12.72	-16.957
0.62749	-6.8379	-0.28596	8.7057	6.3002	8.798	12.619	0.41493	-4.5788	-12.653	-16.979
0.64572	-6.8347	-0.36184	8.6856	6.2845	8.8255	12.651	0.55322	-4.5254	-12.586	-17.001
0.66396	-6.8315	-0.43771	8.6656	6.2689	8.8529	12.682	0.6915	-4.472	-12.519	-17.024
0.6822	-6.8283	-0.51359	8.6456	6.2532	8.8804	12.713	0.82979	-4.4186	-12.453	-17.046
0.70044	-6.8251	-0.58946	8.6255	6.2375	8.9078	12.745	0.96807	-4.3652	-12.386	-17.069
0.71868	-6.8219	-0.66534	8.6055	6.2218	8.9352	12.776	1.1064	-4.3117	-12.319	-17.091
0.73692	-6.8187	-0.74122	8.5854	6.2062	8.9627	12.808	1.2446	-4.2583	-12.252	-17.113
0.75516	-6.8155	-0.81709	8.5654	6.1905	8.9901	12.839	1.3829	-4.2049	-12.185	-17.136
0.7734	-6.8123	-0.89297	8.5453	6.1748	9.0176	12.871	1.5212	-4.1515	-12.118	-17.158
0.79164	-6.8091	-0.96884	8.5253	6.1591	9.045	12.902	1.6595	-4.0981	-12.051	-17.181
0.80988	-6.8059	-1.0447	8.5053	6.1435	9.0725	12.934	1.7978	-4.0447	-11.984	-17.203
0.82812	-6.8027	-1.1206	8.4852	6.1278	9.0999	12.965	1.9361	-3.9913	-11.918	-17.225
0.84635	-6.7995	-1.1965	8.4652	6.1121	9.1273	12.997	2.0744	-3.9378	-11.851	-17.248
0.86459	-6.7963	-1.2723	8.4451	6.0964	9.1548	13.028	2.2126	-3.8844	-11.784	-17.27
0.88283	-6.7931	-1.3482	8.4251	6.0808	9.1822	13.06	2.3509	-3.831	-11.717	-17.292
0.90107	-6.7898	-1.4241	8.405	6.0651	9.2097	13.091	2.4892	-3.7776	-11.65	-17.315
0.91931	-6.7866	-1.5	8.385	6.0494	9.2371	13.122	2.6275	-3.7242	-11.583	-17.337
0.93755	-6.7834	-1.5758	8.365	6.0337	9.2645	13.154	2.7658	-3.6708	-11.516	-17.36
0.95579	-6.7802	-1.6517	8.3449	6.0181	9.292	13.185	2.9041	-3.6174	-11.45	-17.382
0.97403	-6.777	-1.7276	8.3249	6.0024	9.3194	13.217	3.0424	-3.564	-11.383	-17.404
0.99227	-6.7738	-1.8035	8.3048	5.9867	9.3469	13.248	3.1806	-3.5105	-11.316	-17.427
1.0105	-6.7706	-1.8793	8.2848	5.9711	9.3743	13.28	3.3189	-3.4571	-11.249	-17.449
1.0287	-6.7674	-1.9552	8.2647	5.9554	9.4018	13.311	3.4572	-3.4037	-11.182	-17.472
1.047	-6.7642	-2.0311	8.2447	5.9397	9.4292	13.343	3.5955	-3.3503	-11.115	-17.494
1.0652	-6.761	-2.107	8.2247	5.924	9.4566	13.374	3.7338	-3.2969	-11.048	-17.516
1.0835	-6.7578	-2.1829	8.2046	5.9084	9.4841	13.406	3.8721	-3.2435	-10.982	-17.539
1.1017	-6.7546	-2.2587	8.1846	5.8927	9.5115	13.437	4.0103	-3.1901	-10.915	-17.561
1.1199	-6.7514	-2.3346	8.1645	5.877	9.539	13.468	4.1486	-3.1366	-10.848	-17.584
1.1382	-6.7482	-2.4105	8.1445	5.8613	9.5664	13.5	4.2869	-3.0832	-10.781	-17.606
1.1564	-6.745	-2.4864	8.1244	5.8457	9.5939	13.531	4.4252	-3.0298	-10.714	-17.628
1.1747	-6.7418	-2.5622	8.1044	5.83	9.6213	13.563	4.5635	-2.9764	-10.647	-17.651
1.1929	-6.7386	-2.6381	8.0844	5.8143	9.6487	13.594	4.7018	-2.923	-10.58	-17.673
1.2111	-6.7354	-2.714	8.0643	5.7986	9.6762	13.626	4.8401	-2.8696	-10.513	-17.695
1.2294	-6.7322	-2.7899	8.0443	5.783	9.7036	13.657	4.9783	-2.8162	-10.447	-17.718
1.2476	-6.729	-2.8657	8.0242	5.7673	9.7311	13.689	5.1166	-2.7627	-10.38	-17.74
1.2659	-6.7258	-2.9416	8.0042	5.7516	9.7585	13.72	5.2549	-2.7093	-10.313	-17.763
1.2841	-6.7226	-3.0175	7.9841	5.7359	9.7859	13.752	5.3932	-2.6559	-10.246	-17.785
1.3023	-6.7194	-3.0934	7.9641	5.7203	9.8134	13.783	5.5315	-2.6025	-10.179	-17.807
1.3189	-6.7133	-3.1651	7.9397	5.7039	9.8331	13.807	5.6613	-2.5462	-10.109	-17.817
1.3294	-6.6965	-3.2216	7.899	5.685	9.8236	13.803	5.7593	-2.4792	-10.029	-17.78
1.3399	-6.6796	-3.278	7.8584	5.6662	9.8141	13.8	5.8573	-2.4123	-9.9484	-17.742
1.3504	-6.6627	-3.3345	7.8177	5.6473	9.8046	13.796	5.9553	-2.3453	-9.8679	-17.704
1.3608	-6.6459	-3.3909	7.777	5.6284	9.7951	13.793	6.0533	-2.2783	-9.7874	-17.667
1.3713	-6.629	-3.4474	7.7363	5.6095	9.7856	13.789	6.1513	-2.2113	-9.7069	-17.629
1.3818	-6.6122	-3.5038	7.6956	5.5907	9.7761	13.785	6.2493	-2.1443	-9.6264	-17.592
1.3923	-6.5953	-3.5603	7.655	5.5718	9.7666	13.782	6.3473	-2.0774	-9.5459	-17.554
1.4027	-6.5785	-3.6167	7.6143	5.5529	9.7571	13.778	6.4453	-2.0104	-9.4654	-17.516
1.4132	-6.5616	-3.6732	7.5736	5.534	9.7476	13.774	6.5433	-1.9434	-9.3849	-17.479
1.4237	-6.5448	-3.7296	7.5329	5.5152	9.7381	13.771	6.6413	-1.8764	-9.3044	-17.441
1.4342	-6.5279	-3.7861	7.4922	5.4963	9.7286	13.767	6.7393	-1.8094	-9.2239	-17.404
1.4446	-6.5111	-3.8425	7.4516	5.4774	9.7192	13.763	6.8373	-1.7425	-9.1435	-17.366
1.4551	-6.4942	-3.899	7.4109	5.4585	9.7097	13.76	6.9353	-1.6755	-9.063	-17.328
1.4656	-6.4774	-3.9554	7.3702	5.4396	9.7002	13.756	7.0333	-1.6085	-8.9825	-17.291
1.4761	-6.4605	-4.0119	7.3295	5.4208	9.6907	13.752	7.1313	-1.5415	-8.902	-17.253
1.4865	-6.4437	-4.0683	7.2888	5.4019	9.6812	13.749	7.2293	-1.4745	-8.8215	-17.216
1.497	-6.4268	-4.1248	7.2482	5.383	9.6717	13.745	7.3273	-1.4075	-8.741	-17.178
1.5075	-6.41	-4.1812	7.2075	5.3641	9.6622	13.741	7.4253	-1.3406	-8.6605	-17.14
1.518	-6.3931	-4.2377	7.1668	5.3453	9.6527	13.738	7.5233	-1.2736	-8.58	-17.103
1.5284	-6.3762	-4.2941	7.1261	5.3264	9.6432	13.734	7.6213	-1.2066	-8.4995	-17.065
1.5389	-6.3594	-4.3506	7.0854	5.3075	9.6337	13.73	7.7193	-1.1396	-8.419	-17.028
1.5494	-6.3425	-4.407	7.0448	5.2886	9.6242	13.727	7.8173	-1.0726	-8.3385	-16.99
1.5599	-6.3257	-4.4635	7.0041	5.2697	9.6147	13.723	7.9153	-1.0057	-8.258	-16.952
1.5703	-6.3088	-4.5199	6.9634	5.2509	9.6053	13.719	8.0133	-0.93868	-8.1775	-16.915
1.5808	-6.292	-4.5764	6.9227	5.232	9.5958	13.716	8.1113	-0.8717	-8.097	-16.877
1.5913	-6.2751	-4.6328	6.882	5.2131	9.5863	13.712	8.2093	-0.80472	-8.0165	-16.84
1.6018	-6.2583	-4.6892	6.8414	5.1942	9.5768	13.708	8.3073	-0.73774	-7.936	-16.802
1.6122	-6.2414	-4.7457	6.8007	5.1754	9.5673	13.705	8.4053	-0.67076	-7.8555	-16.764
1.6227	-6.2246	-4.8021	6.76	5.1565	9.5578	13.701	8.5033	-0.60377	-7.775	-16.727
1.6332	-6.2077	-4.8586	6.7193	5.1376	9.5483	13.697	8.6013	-0.53679	-7.6945	-16.689
1.6437	-6.1909	-4.915	6.6786	5.1187	9.5388	13.694	8.6993	-0.46981	-7.614	-16.652
1.6541	-6.174	-4.9715	6.638	5.0999	9.5293	13.69	8.7973	-0.40283	-7.5335	-16.614
1.6646	-6.1572	-5.0279	6.5973	5.081	9.5198	13.686	8.8953	-0.33585	-7.453	-16.576
1.6751	-6.1403	-5.0844	6.5566	5.0621	9.5103	13.683	8.9933	-0.26887	-7.3725	-16.539
1.6856	-6.1234	-5.1408	6.5159	5.0432	9.5008	13.679	9.0913	-0.20189	-7.292	-16.501
1.696	-6.1066	-5.1973	6.4752	5.0243	9.4914	13.675	9.1893	-0.13491	-7.2115	-16.464
1.7065	-6.0897	-5.2537	6.4346	5.0055	9.4819	13.672	9.2873	-0.067925	-7.131	-16.426
1.717	-6.0729	-5.3102	6.3939	4.9866	9.4724	13.668	9.3852	-0.00094331	-7.0505	-16.388
1.7275	-6.056	-5.3666	6.3532	4.9677	9.4629	13.664	9.4832	0.066038	-6.97	-16.351
1.7379	-6.0392	-5.4231	6.3125	4.9488	9.4534	13.661	9.5812	0.13302	-6.8895	-16.313
1.7484	-6.0223	-5.4795	6.2718	4.93	9.4439	13.657	9.6792	0.2	-6.809	-16.276
1.7589	-6.0055	-5.536	6.2312	4.9111	9.4344	13.653	9.7772	0.26698	-6.7285	-16.238
1.7694	-5.9886	-5.5924	6.1905	4.8922	9.4249	13.65	9.8752	0.33396	-6.648	-16.2
1.7798	-5.9718	-5.6489	6.1498	4.8733	9.4154	13.646	9.9732	0.40094	-6.5675	-16.163
1.7903	-5.9549	-5.7053	6.1091	4.8544	9.4059	13.643	10.071	0.46793	-6.487	-16.125
1.8008	-5.9381	-5.7618	6.0684	4.8356	9.3964	13.639	10.169	0.53491	-6.4065	-16.088
1.8113	-5.9212	-5.8182	6.0278	4.8167	9.3869	13.635	10.267	0.60189	-6.326	-16.05
1.8217	-5.9044	-5.8747	5.9871	4.7978	9.3775	13.632	10.365	0.66887	-6.2455	-16.012
1.8322	-5.8875	-5.9311	5.9464	4.7789	9.368	13.628	10.463	0.73585	-6.165	-15.975
1.8427	-5.8706	-5.9876	5.9057	4.7601	9.3585	13.624	10.561	0.80283	-6.0845	-15.937
1.8532	-5.8538	-6.044	5.8651	4.7412	9.349	13.621	10.659	0.86981	-6.004	-15.9
1.8636	-5.8369	-6.1005	5.8244	4.7223	9.3395	13.617	10.757	0.93679	-5.9235	-15.862
1.8705	-5.8166	-6.1416	5.7749	4.7041	9.3123	13.598	10.824	1.0063	-5.8423	-15.793
1.8752	-5.7943	-6.1738	5.7203	4.6863	9.2747	13.57	10.871	1.0774	-5.7607	-15.706
1.8799	-5.772	-6.2061	5.6657	4.6685	9.2372	13.543	10.919	1.1484	-5.6791	-15.619
1.8846	-5.7497	-6.2383	5.6111	4.6507	9.1996	13.515	10.967	1.2194	-5.5975	-15.533
1.8894	-5.7275	-6.2705	5.5565	4.6329	9.1621	13.488	11.015	1.2905	-5.5159	-15.446
1.8941	-5.7052	-6.3027	5.5018	4.6151	9.1246	13.46	11.063	1.3615	-5.4343	-15.359
1.8988	-5.6829	-6.335	5.4472	4.5973	9.087	13.432	11.11	1.4325	-5.3527	-15.272
1.9036	-5.6606	-6.3672	5.3926	4.5795	9.0495	13.405	11.158	1.5036	-5.2712	-15.185
1.9083	-5.6383	-6.3994	5.338	4.5616	9.0119	13.377	11.206	1.5746	-5.1896	-15.098
1.913	-5.616	-6.4317	5.2834	4.5438	8.9744	13.349	11.254	1.6456	-5.108	-15.011
1.9177	-5.5937	-6.4639	5.2288	4.526	8.9368	13.322	11.302	1.7167	-5.0264	-14.924
1.9225	-5.5714	-6.4961	5.1742	4.5082	8.8993	13.294	11.35	1.7877	-4.9448	-14.837
1.9272	-5.5491	-6.5283	5.1196	4.4904	8.8618	13.266	11.397	1.8587	-4.8632	-14.75
1.9319	-5.5268	-6.5606	5.065	4.4726	8.8242	13.239	11.445	1.9298	-4.7816	-14.664
1.9366	-5.5045	-6.5928	5.0104	4.4548	8.7867	13.211	11.493	2.0008	-4.7	-14.577
1.9414	-5.4822	-6.625	4.9557	4.437	8.7491	13.183	11.541	2.0718	-4.6184	-14.49
1.9461	-5.4599	-6.6573	4.9011	4.4192	8.7116	13.156	11.589	2.1429	-4.5368	-14.403
1.9508	-5.4376	-6.6895	4.8465	4.4014	8.674	13.128	11.636	2.2139	-4.4552	-14.316
1.9555	-5.4153	-6.7217	4.7919	4.3836	8.6365	13.1	11.684	2.2849	-4.3736	-14.229
1.9603	-5.393	-6.754	4.7373	4.3658	8.599	13.073	11.732	2.356	-4.292	-14.142
1.965	-5.3707	-6.7862	4.6827	4.348	8.5614	13.045	11.78	2.427	-4.2104	-14.055
1.9697	-5.3484	-6.8184	4.6281	4.3302	8.5239	13.018	11.828	2.498	-4.1288	-13.968
1.9745	-5.3261	-6.8506	4.5735	4.3124	8.4863	12.99	11.876	2.5691	-4.0472	-13.881
1.9792	-5.3038	-6.8829	4.5189	4.2945	8.4488	12.962	11.923	2.6401	-3.9656	-13.795
1.9839	-5.2815	-6.9151	4.4643	4.2767	8.4112	12.935	11.971	2.7111	-3.884	-13.708
1.9886	-5.2592	-6.9473	4.4096	4.2589	8.3737	12.907	12.019	2.7822	-3.8024	-13.621
1.9934	-5.2369	-6.9796	4.355	4.2411	8.3362	12.879	12.067	2.8532	-3.7208	-13.534
1.9981	-5.2146	-7.0118	4.3004	4.2233	8.2986	12.852	12.115	2.9242	-3.6392	-13.447
2.0028	-5.1923	-7.044	4.2458	4.2055	8.2611	12.824	12.162	2.9953	-3.5576	-13.36
2.0075	-5.17	-7.0762	4.1912	4.1877	8.2235	12.796	12.21	3.0663	-3.476	-13.273
2.0123	-5.1477	-7.1085	4.1366	4.1699	8.186	12.769	12.258	3.1373	-3.3944	-13.186
2.017	-5.1254	-7.1407	4.082	4.1521	8.1484	12.741	12.306	3.2084	-3.3128	-13.099
2.0217	-5.1031	-7.1729	4.0274	4.1343	8.1109	12.713	12.354	3.2794	-3.2312	-13.012
2.0264	-5.0808	-7.2052	3.9728	4.1165	8.0733	12.686	12.402	3.3504	-3.1496	-12.926
2.0312	-5.0585	-7.2374	3.9182	4.0987	8.0358	12.658	12.449	3.4215	-3.068	-12.839
2.0359	-5.0362	-7.2696	3.8635	4.0809	7.9983	12.631	12.497	3.4925	-2.9864	-12.752
2.0406	-5.0139	-7.3018	3.8089	4.0631	7.9607	12.603	12.545	3.5635	-2.9048	-12.665
2.0454	-4.9916	-7.3341	3.7543	4.0452	7.9232	12.575	12.593	3.6346	-2.8232	-12.578
2.0501	-4.9693	-7.3663	3.6997	4.0274	7.8856	12.548	12.641	3.7056	-2.7416	-12.491
2.0548	-4.947	-7.3985	3.6451	4.0096	7.8481	12.52	12.688	3.7767	-2.66	-12.404
2.0595	-4.9247	-7.4308	3.5905	3.9918	7.8105	12.492	12.736	3.8477	-2.5784	-12.317
2.0643	-4.9024	-7.463	3.5359	3.974	7.773	12.465	12.784	3.9187	-2.4968	-12.23
2.069	-4.8801	-7.4952	3.4813	3.9562	7.7355	12.437	12.832	3.9898	-2.4153	-12.143
2.0737	-4.8578	-7.5274	3.4267	3.9384	7.6979	12.409	12.88	4.0608	-2.3337	-12.057
2.0784	-4.8355	-7.5597	3.3721	3.9206	7.6604	12.382	12.928	4.1318	-2.2521	-11.97
2.0832	-4.8132	-7.5919	3.3174	3.9028	7.6228	12.354	12.975	4.2029	-2.1705	-11.883
2.0879	-4.7909	-7.6241	3.2628	3.885	7.5853	12.326	13.023	4.2739	-2.0889	-11.796
2.0926	-4.7686	-7.6564	3.2082	3.8672	7.5477	12.299	13.071	4.3449	-2.0073	-11.709
2.0973	-4.7463	-7.6886	3.1536	3.8494	7.5102	12.271	13.119	4.416	-1.9257	-11.622
2.1021	-4.724	-7.7208	3.099	3.8316	7.4727	12.244	13.167	4.487	-1.8441	-11.535
2.1068	-4.7017	-7.753	3.0444	3.8138	7.4351	12.216	13.214	4.558	-1.7625	-11.448
2.1115	-4.6794	-7.7853	2.9898	3.7959	7.3976	12.188	13.262	4.6291	-1.6809	-11.361
2.1161	-4.6571	-7.8163	2.9349	3.7782	7.3593	12.16	13.308	4.6996	-1.5996	-11.273
2.1184	-4.6351	-7.8265	2.8745	3.7614	7.3082	12.12	13.313	4.7622	-1.5236	-11.159
2.1207	-4.613	-7.8367	2.8141	3.7447	7.2572	12.079	13.317	4.8247	-1.4476	-11.045
2.123	-4.591	-7.8468	2.7537	3.7279	7.2061	12.039	13.322	4.8872	-1.3717	-10.932
2.1253	-4.569	-7.857	2.6933	3.7111	7.1551	11.999	13.327	4.9498	-1.2957	-10.818
2.1276	-4.547	-7.8671	2.6329	3.6943	7.104	11.959	13.331	5.0123	-1.2198	-10.704
2.1299	-4.5249	-7.8773	2.5726	3.6776	7.0529	11.918	13.336	5.0748	-1.1438	-10.59
2.1322	-4.5029	-7.8874	2.5122	3.6608	7.0019	11.878	13.341	5.1373	-1.0678	-10.476
2.1345	-4.4809	-7.8976	2.4518	3.644	6.9508	11.838	13.346	5.1999	-0.99185	-10.362
2.1368	-4.4589	-7.9077	2.3914	3.6273	6.8997	11.798	13.35	5.2624	-0.91589	-10.248
2.1391	-4.4368	-7.9179	2.331	3.6105	6.8487	11.757	13.355	5.3249	-0.83992	-10.135
2.1414	-4.4148	-7.928	2.2706	3.5937	6.7976	11.717	13.36	5.3874	-0.76396	-10.021
2.1437	-4.3928	-7.9382	2.2102	3.5769	6.7465	11.677	13.364	5.45	-0.68799	-9.9069
2.146	-4.3707	-7.9484	2.1498	3.5602	6.6955	11.637	13.369	5.5125	-0.61203	-9.7931
2.1483	-4.3487	-7.9585	2.0895	3.5434	6.6444	11.596	13.374	5.575	-0.53606	-9.6792
2.1506	-4.3267	-7.9687	2.0291	3.5266	6.5933	11.556	13.378	5.6376	-0.4601	-9.5654
2.1528	-4.3047	-7.9788	1.9687	3.5098	6.5423	11.516	13.383	5.7001	-0.38413	-9.4516
2.1551	-4.2826	-7.989	1.9083	3.4931	6.4912	11.476	13.388	5.7626	-0.30816	-9.3377
2.1574	-4.2606	-7.9991	1.8479	3.4763	6.4401	11.435	13.393	5.8251	-0.2322	-9.2239
2.1597	-4.2386	-8.0093	1.7875	3.4595	6.3891	11.395	13.397	5.8877	-0.15623	-9.11
2.162	-4.2165	-8.0194	1.7271	3.4428	6.338	11.355	13.402	5.9502	-0.080267	-8.9962
2.1643	-4.1945	-8.0296	1.6667	3.426	6.287	11.315	13.407	6.0127	-0.0043016	-8.8823
2.1666	-4.1725	-8.0397	1.6064	3.4092	6.2359	11.274	13.411	6.0752	0.071664	-8.7685
2.1689	-4.1505	-8.0499	1.546	3.3924	6.1848	11.234	13.416	6.1378	0.14763	-8.6547
2.1712	-4.1284	-8.0601	1.4856	3.3757	6.1338	11.194	13.421	6.2003	0.2236	-8.5408
2.1735	-4.1064	-8.0702	1.4252	3.3589	6.0827	11.153	13.426	6.2628	0.29956	-8.427
2.1758	-4.0844	-8.0804	1.3648	3.3421	6.0316	11.113	13.43	6.3254	0.37553	-8.3131
2.1781	-4.0623	-8.0905	1.3044	3.3254	5.9806	11.073	13.435	6.3879	0.45149	-8.1993
2.1804	-4.0403	-8.1007	1.244	3.3086	5.9295	11.033	13.44	6.4504	0.52746	-8.0854
2.1827	-4.0183	-8.1108	1.1836	3.2918	5.8784	10.992	13.444	6.5129	0.60342	-7.9716
2.185	-3.9963	-8.121	1.1233	3.275	5.8274	10.952	13.449	6.5755	0.67939	-7.8577
2.1873	-3.9742	-8.1311	1.0629	3.2583	5.7763	10.912	13.454	6.638	0.75535	-7.7439
2.1896	-3.9522	-8.1413	1.0025	3.2415	5.7252	10.872	13.459	6.7005	0.83132	-7.6301
2.1919	-3.9302	-8.1514	0.94209	3.2247	5.6742	10.831	13.463	6.763	0.90729	-7.5162
2.1942	-3.9082	-8.1616	0.8817	3.208	5.6231	10.791	13.468	6.8256	0.98325	-7.4024
2.1965	-3.8861	-8.1718	0.82131	3.1912	5.572	10.751	13.473	6.8881	1.0592	-7.2885
2.1988	-3.8641	-8.1819	0.76093	3.1744	5.521	10.711	13.477	6.9506	1.1352	-7.1747
2.201	-3.8421	-8.1921	0.70054	3.1576	5.4699	10.67	13.482	7.0132	1.2111	-7.0608
2.2033	-3.82	-8.2022	0.64015	3.1409	5.4189	10.63	13.487	7.0757	1.2871	-6.947
2.2056	-3.798	-8.2124	0.57976	3.1241	5.3678	10.59	13.492	7.1382	1.3631	-6.8332
2.2079	-3.776	-8.2225	0.51938	3.1073	5.3167	10.55	13.496	7.2007	1.439	-6.7193
2.2102	-3.754	-8.2327	0.45899	3.0906	5.2657	10.509	13.501	7.2633	1.515	-6.6055
2.2125	-3.7319	-8.2428	0.3986	3.0738	5.2146	10.469	13.506	7.3258	1.591	-6.4916
2.2148	-3.7099	-8.253	0.33821	3.057	5.1635	10.429	13.51	7.3883	1.6669	-6.3778
2.2171	-3.6879	-8.2631	0.27783	3.0402	5.1125	10.389	13.515	7.4508	1.7429	-6.2639
2.2194	-3.6658	-8.2733	0.21744	3.0235	5.0614	10.348	13.52	7.5134	1.8189	-6.1501
2.2217	-3.6438	-8.2834	0.15705	3.0067	5.0103	10.308	13.524	7.5759	1.8948	-6.0362
2.224	-3.6218	-8.2936	0.096663	2.9899	4.9593	10.268	13.529	7.6384	1.9708	-5.9224
2.2263	-3.5998	-8.3038	0.036275	2.9731	4.9082	10.228	13.534	7.701	2.0468	-5.8086
2.2286	-3.5777	-8.3139	-0.024112	2.9564	4.8571	10.187	13.539	7.7635	2.1227	-5.6947
2.2309	-3.5557	-8.3241	-0.0845	2.9396	4.8061	10.147	13.543	7.826	2.1987	-5.5809
2.2332	-3.5337	-8.3342	-0.14489	2.9228	4.755	10.107	13.548	7.8885	2.2747	-5.467
2.2355	-3.5116	-8.3444	-0.20527	2.9061	4.7039	10.066	13.553	7.9511	2.3506	-5.3532
2.2375	-3.4904	-8.3466	-0.26442	2.8879	4.6529	10.023	13.544	8.0038	2.4224	-5.2381
2.2393	-3.4701	-8.3399	-0.32217	2.8681	4.602	9.9764	13.52	8.0458	2.4896	-5.1217
2.241	-3.4498	-8.3332	-0.37993	2.8483	4.551	9.9296	13.496	8.0877	2.5568	-5.0052
2.2428	-3.4295	-8.3265	-0.43769	2.8285	4.5	9.8828	13.472	8.1297	2.624	-4.8888
2.2446	-3.4092	-8.3199	-0.49544	2.8087	4.449	9.836	13.449	8.1716	2.6912	-4.7724
2.2463	-3.3889	-8.3132	-0.5532	2.7889	4.3981	9.7892	13.425	8.2136	2.7584	-4.6559
2.2481	-3.3686	-8.3065	-0.61096	2.7691	4.3471	9.7424	13.401	8.2555	2.8256	-4.5395
2.2499	-3.3482	-8.2999	-0.66872	2.7494	4.2961	9.6956	13.377	8.2975	2.8928	-4.4231
2.2516	-3.3279	-8.2932	-0.72647	2.7296	4.2452	9.6488	13.353	8.3394	2.9599	-4.3066
2.2534	-3.3076	-8.2865	-0.78423	2.7098	4.1942	9.6021	13.33	8.3814	3.0271	-4.1902
2.2552	-3.2873	-8.2798	-0.84199	2.69	4.1432	9.5553	13.306	8.4233	3.0943	-4.0738
2.2569	-3.267	-8.2732	-0.89974	2.6702	4.0922	9.5085	13.282	8.4653	3.1615	-3.9573
2.2587	-3.2467	-8.2665	-0.9575	2.6504	4.0413	9.4617	13.258	8.5072	3.2287	-3.8409
2.2605	-3.2264	-8.2598	-1.0153	2.6307	3.9903	9.4149	13.234	8.5492	3.2959	-3.7245
2.2622	-3.2061	-8.2532	-1.073	2.6109	3.9393	9.3681	13.21	8.5911	3.3631	-3.608
2.264	-3.1858	-8.2465	-1.1308	2.5911	3.8883	9.3213	13.187	8.6331	3.4303	-3.4916
2.2657	-3.1654	-8.2398	-1.1885	2.5713	3.8374	9.2745	13.163	8.675	3.4975	-3.3752
2.2675	-3.1451	-8.2331	-1.2463	2.5515	3.7864	9.2278	13.139	8.7169	3.5646	-3.2587
2.2693	-3.1248	-8.2265	-1.304	2.5317	3.7354	9.181	13.115	8.7589	3.6318	-3.1423
2.271	-3.1045	-8.2198	-1.3618	2.5119	3.6845	9.1342	13.091	8.8008	3.699	-3.0259
2.2728	-3.0842	-8.2131	-1.4196	2.4922	3.6335	9.0874	13.067	8.8428	3.7662	-2.9094
2.2746	-3.0639	-8.2065	-1.4773	2.4724	3.5825	9.0406	13.044	8.8847	3.8334	-2.793
2.2763	-3.0436	-8.1998	-1.5351	2.4526	3.5315	8.9938	13.02	8.9267	3.9006	-2.6765
2.2781	-3.0233	-8.1931	-1.5928	2.4328	3.4806	8.947	12.996	8.9686	3.9678	-2.5601
2.2799	-3.0029	-8.1864	-1.6506	2.413	3.4296	8.9003	12.972	9.0106	4.035	-2.4437
2.2816	-2.9826	-8.1798	-1.7083	2.3932	3.3786	8.8535	12.948	9.0525	4.1022	-2.3272
2.2834	-2.9623	-8.1731	-1.7661	2.3734	3.3277	8.8067	12.925	9.0945	4.1693	-2.2108
2.2851	-2.942	-8.1664	-1.8239	2.3537	3.2767	8.7599	12.901	9.1364	4.2365	-2.0944
2.2869	-2.9217	-8.1598	-1.8816	2.3339	3.2257	8.7131	12.877	9.1784	4.3037	-1.9779
2.2887	-2.9014	-8.1531	-1.9394	2.3141	3.1747	8.6663	12.853	9.2203	4.3709	-1.8615
2.2904	-2.8811	-8.1464	-1.9971	2.2943	3.1238	8.6195	12.829	9.2623	4.4381	-1.7451
2.2922	-2.8608	-8.1397	-2.0549	2.2745	3.0728	8.5727	12.805	9.3042	4.5053	-1.6286
2.294	-2.8404	-8.1331	-2.1126	2.2547	3.0218	8.526	12.782	9.3461	4.5725	-1.5122
2.2957	-2.8201	-8.1264	-2.1704	2.2349	2.9709	8.4792	12.758	9.3881	4.6397	-1.3958
2.2975	-2.7998	-8.1197	-2.2282	2.2152	2.9199	8.4324	12.734	9.43	4.7069	-1.2793
2.2993	-2.7795	-8.1131	-2.2859	2.1954	2.8689	8.3856	12.71	9.472	4.774	-1.1629
2.301	-2.7592	-8.1064	-2.3437	2.1756	2.8179	8.3388	12.686	9.5139	4.8412	-1.0465
2.3028	-2.7389	-8.0997	-2.4014	2.1558	2.767	8.292	12.662	9.5559	4.9084	-0.93002
2.3046	-2.7186	-8.093	-2.4592	2.136	2.716	8.2452	12.639	9.5978	4.9756	-0.81359
2.3063	-2.6983	-8.0864	-2.5169	2.1162	2.665	8.1984	12.615	9.6398	5.0428	-0.69715
2.3081	-2.678	-8.0797	-2.5747	2.0965	2.614	8.1517	12.591	9.6817	5.11	-0.58072
2.3098	-2.6576	-8.073	-2.6325	2.0767	2.5631	8.1049	12.567	9.7237	5.1772	-0.46428
2.3116	-2.6373	-8.0664	-2.6902	2.0569	2.5121	8.0581	12.543	9.7656	5.2444	-0.34785
2.3134	-2.617	-8.0597	-2.748	2.0371	2.4611	8.0113	12.519	9.8076	5.3115	-0.23141
2.3151	-2.5967	-8.053	-2.8057	2.0173	2.4102	7.9645	12.496	9.8495	5.3787	-0.11498
2.3169	-2.5764	-8.0463	-2.8635	1.9975	2.3592	7.9177	12.472	9.8915	5.4459	0.0014551
2.3187	-2.5561	-8.0397	-2.9212	1.9777	2.3082	7.8709	12.448	9.9334	5.5131	0.11789
2.3204	-2.5358	-8.033	-2.979	1.958	2.2572	7.8242	12.424	9.9754	5.5803	0.23432
2.3222	-2.5155	-8.0263	-3.0368	1.9382	2.2063	7.7774	12.4	10.017	5.6475	0.35076
2.324	-2.4951	-8.0197	-3.0945	1.9184	2.1553	7.7306	12.377	10.059	5.7147	0.46719
2.3257	-2.4748	-8.013	-3.1523	1.8986	2.1043	7.6838	12.353	10.101	5.7819	0.58363
2.3275	-2.4545	-8.0063	-3.21	1.8788	2.0534	7.637	12.329	10.143	5.8491	0.70006
2.3292	-2.4342	-7.9996	-3.2678	1.859	2.0024	7.5902	12.305	10.185	5.9162	0.8165
2.3305	-2.414	-7.9836	-3.3161	1.8319	1.9604	7.5385	12.271	10.201	5.9745	0.91624
2.3317	-2.3938	-7.9665	-3.3633	1.8039	1.9194	7.4863	12.235	10.213	6.0317	1.014
2.3329	-2.3736	-7.9494	-3.4105	1.7759	1.8784	7.434	12.2	10.225	6.089	1.1118
2.334	-2.3534	-7.9323	-3.4578	1.748	1.8374	7.3818	12.164	10.237	6.1462	1.2096
2.3352	-2.3332	-7.9152	-3.505	1.72	1.7964	7.3296	12.129	10.25	6.2034	1.3073
2.3364	-2.313	-7.8981	-3.5522	1.692	1.7554	7.2773	12.093	10.262	6.2606	1.4051
2.3376	-2.2928	-7.881	-3.5994	1.664	1.7145	7.2251	12.058	10.274	6.3179	1.5029
2.3388	-2.2726	-7.8639	-3.6466	1.636	1.6735	7.1728	12.022	10.287	6.3751	1.6007
2.34	-2.2523	-7.8468	-3.6938	1.6081	1.6325	7.1206	11.986	10.299	6.4323	1.6984
2.3412	-2.2321	-7.8297	-3.7411	1.5801	1.5915	7.0683	11.951	10.311	6.4895	1.7962
2.3423	-2.2119	-7.8126	-3.7883	1.5521	1.5505	7.0161	11.915	10.324	6.5467	1.894
2.3435	-2.1917	-7.7955	-3.8355	1.5241	1.5096	6.9638	11.88	10.336	6.604	1.9917
2.3447	-2.1715	-7.7784	-3.8827	1.4961	1.4686	6.9116	11.844	10.348	6.6612	2.0895
2.3459	-2.1513	-7.7613	-3.9299	1.4681	1.4276	6.8593	11.809	10.361	6.7184	2.1873
2.3471	-2.1311	-7.7442	-3.9771	1.4402	1.3866	6.8071	11.773	10.373	6.7756	2.2851
2.3483	-2.1109	-7.727	-4.0243	1.4122	1.3456	6.7548	11.738	10.385	6.8329	2.3828
2.3495	-2.0907	-7.7099	-4.0716	1.3842	1.3047	6.7026	11.702	10.398	6.8901	2.4806
2.3506	-2.0705	-7.6928	-4.1188	1.3562	1.2637	6.6503	11.667	10.41	6.9473	2.5784
2.3518	-2.0503	-7.6757	-4.166	1.3282	1.2227	6.5981	11.631	10.422	7.0045	2.6762
2.353	-2.0301	-7.6586	-4.2132	1.3003	1.1817	6.5458	11.595	10.435	7.0618	2.7739
2.3542	-2.0099	-7.6415	-4.2604	1.2723	1.1407	6.4936	11.56	10.447	7.119	2.8717
2.3554	-1.9897	-7.6244	-4.3076	1.2443	1.0998	6.4413	11.524	10.459	7.1762	2.9695
2.3566	-1.9695	-7.6073	-4.3549	1.2163	1.0588	6.3891	11.489	10.472	7.2334	3.0673
2.3577	-1.9493	-7.5902	-4.4021	1.1883	1.0178	6.3369	11.453	10.484	7.2906	3.165
2.3589	-1.9291	-7.5731	-4.4493	1.1603	0.97682	6.2846	11.418	10.496	7.3479	3.2628
2.3601	-1.9089	-7.556	-4.4965	1.1324	0.93584	6.2324	11.382	10.509	7.4051	3.3606
2.3613	-1.8886	-7.5389	-4.5437	1.1044	0.89486	6.1801	11.347	10.521	7.4623	3.4583
2.3625	-1.8684	-7.5218	-4.5909	1.0764	0.85388	6.1279	11.311	10.533	7.5195	3.5561
2.3637	-1.8482	-7.5047	-4.6382	1.0484	0.8129	6.0756	11.276	10.545	7.5768	3.6539
2.3649	-1.828	-7.4876	-4.6854	1.0204	0.77191	6.0234	11.24	10.558	7.634	3.7517
2.366	-1.8078	-7.4705	-4.7326	0.99245	0.73093	5.9711	11.205	10.57	7.6912	3.8494
2.3672	-1.7876	-7.4534	-4.7798	0.96447	0.68995	5.9189	11.169	10.582	7.7484	3.9472
2.3684	-1.7674	-7.4362	-4.827	0.93649	0.64897	5.8666	11.133	10.595	7.8056	4.045
2.3696	-1.7472	-7.4191	-4.8742	0.90851	0.60799	5.8144	11.098	10.607	7.8629	4.1428
2.3708	-1.727	-7.402	-4.9215	0.88052	0.56701	5.7621	11.062	10.619	7.9201	4.2405
2.372	-1.7068	-7.3849	-4.9687	0.85254	0.52603	5.7099	11.027	10.632	7.9773	4.3383
2.3732	-1.6866	-7.3678	-5.0159	0.82456	0.48505	5.6576	10.991	10.644	8.0345	4.4361
2.3743	-1.6664	-7.3507	-5.0631	0.79658	0.44407	5.6054	10.956	10.656	8.0918	4.5339
2.3755	-1.6462	-7.3336	-5.1103	0.7686	0.40309	5.5531	10.92	10.669	8.149	4.6316
2.3767	-1.626	-7.3165	-5.1575	0.74061	0.36211	5.5009	10.885	10.681	8.2062	4.7294
2.3779	-1.6058	-7.2994	-5.2048	0.71263	0.32113	5.4486	10.849	10.693	8.2634	4.8272
2.3791	-1.5856	-7.2823	-5.252	0.68465	0.28015	5.3964	10.814	10.706	8.3207	4.925
2.3803	-1.5654	-7.2652	-5.2992	0.65667	0.23917	5.3442	10.778	10.718	8.3779	5.0227
2.3814	-1.5451	-7.2481	-5.3464	0.62869	0.19819	5.2919	10.743	10.73	8.4351	5.1205
2.3826	-1.5249	-7.231	-5.3936	0.60071	0.15721	5.2397	10.707	10.743	8.4923	5.2183
2.3838	-1.5047	-7.2139	-5.4408	0.57272	0.11623	5.1874	10.671	10.755	8.5495	5.316
2.385	-1.4845	-7.1968	-5.4881	0.54474	0.075245	5.1352	10.636	10.767	8.6068	5.4138
2.3862	-1.4643	-7.1797	-5.5353	0.51676	0.034265	5.0829	10.6	10.78	8.664	5.5116
2.3874	-1.4441	-7.1626	-5.5825	0.48878	-0.006716	5.0307	10.565	10.792	8.7212	5.6094
2.3886	-1.4239	-7.1455	-5.6297	0.4608	-0.047697	4.9784	10.529	10.804	8.7784	5.7071
2.3897	-1.4037	-7.1283	-5.6769	0.43281	-0.088677	4.9262	10.494	10.817	8.8357	5.8049
2.3909	-1.3835	-7.1112	-5.7241	0.40483	-0.12966	4.8739	10.458	10.829	8.8929	5.9027
2.3915	-1.3626	-7.0927	-5.7662	0.37321	-0.16588	4.8195	10.424	10.831	8.9469	5.9902
2.3909	-1.34	-7.0711	-5.7971	0.33368	-0.1918	4.7603	10.391	10.81	8.9938	6.0554
2.3903	-1.3174	-7.0494	-5.8279	0.29416	-0.21771	4.701	10.358	10.789	9.0408	6.1206
2.3896	-1.2948	-7.0278	-5.8588	0.25464	-0.24363	4.6418	10.325	10.769	9.0877	6.1858
2.389	-1.2723	-7.0061	-5.8897	0.21512	-0.26955	4.5826	10.293	10.748	9.1347	6.251
2.3884	-1.2497	-6.9845	-5.9205	0.1756	-0.29546	4.5234	10.26	10.727	9.1817	6.3162
2.3877	-1.2271	-6.9629	-5.9514	0.13607	-0.32138	4.4641	10.227	10.706	9.2286	6.3814
2.3871	-1.2046	-6.9412	-5.9823	0.096552	-0.34729	4.4049	10.195	10.686	9.2756	6.4466
2.3865	-1.182	-6.9196	-6.0131	0.057031	-0.37321	4.3457	10.162	10.665	9.3225	6.5118
2.3858	-1.1594	-6.8979	-6.044	0.017509	-0.39913	4.2865	10.129	10.644	9.3695	6.577
2.3852	-1.1368	-6.8763	-6.0749	-0.022013	-0.42504	4.2273	10.096	10.623	9.4164	6.6422
2.3846	-1.1143	-6.8546	-6.1057	-0.061535	-0.45096	4.168	10.064	10.603	9.4634	6.7074
2.3839	-1.0917	-6.833	-6.1366	-0.10106	-0.47687	4.1088	10.031	10.582	9.5104	6.7726
2.3833	-1.0691	-6.8114	-6.1675	-0.14058	-0.50279	4.0496	9.9982	10.561	9.5573	6.8378
2.3827	-1.0466	-6.7897	-6.1983	-0.1801	-0.52871	3.9904	9.9655	10.54	9.6043	6.903
2.382	-1.024	-6.7681	-6.2292	-0.21962	-0.55462	3.9312	9.9328	10.52	9.6512	6.9682
2.3814	-1.0014	-6.7464	-6.2601	-0.25914	-0.58054	3.8719	9.9001	10.499	9.6982	7.0334
2.3808	-0.97886	-6.7248	-6.2909	-0.29867	-0.60645	3.8127	9.8674	10.478	9.7451	7.0986
2.3801	-0.95629	-6.7032	-6.3218	-0.33819	-0.63237	3.7535	9.8346	10.457	9.7921	7.1638
2.3795	-0.93372	-6.6815	-6.3527	-0.37771	-0.65829	3.6943	9.8019	10.437	9.8391	7.229
2.3789	-0.91115	-6.6599	-6.3835	-0.41723	-0.6842	3.6351	9.7692	10.416	9.886	7.2942
2.3782	-0.88858	-6.6382	-6.4144	-0.45675	-0.71012	3.5758	9.7365	10.395	9.933	7.3594
2.3776	-0.86601	-6.6166	-6.4453	-0.49628	-0.73603	3.5166	9.7038	10.375	9.9799	7.4247
2.377	-0.84344	-6.5949	-6.4761	-0.5358	-0.76195	3.4574	9.6711	10.354	10.027	7.4899
2.3763	-0.82087	-6.5733	-6.507	-0.57532	-0.78787	3.3982	9.6383	10.333	10.074	7.5551
2.3757	-0.79829	-6.5517	-6.5379	-0.61484	-0.81378	3.3389	9.6056	10.312	10.121	7.6203
2.3751	-0.77572	-6.53	-6.5687	-0.65436	-0.8397	3.2797	9.5729	10.292	10.168	7.6855
2.3744	-0.75315	-6.5084	-6.5996	-0.69389	-0.86561	3.2205	9.5402	10.271	10.215	7.7507
2.3738	-0.73058	-6.4867	-6.6305	-0.73341	-0.89153	3.1613	9.5075	10.25	10.262	7.8159
2.3732	-0.70801	-6.4651	-6.6613	-0.77293	-0.91745	3.1021	9.4748	10.229	10.309	7.8811
2.3725	-0.68544	-6.4435	-6.6922	-0.81245	-0.94336	3.0428	9.442	10.209	10.356	7.9463
2.3719	-0.66287	-6.4218	-6.7231	-0.85197	-0.96928	2.9836	9.4093	10.188	10.403	8.0115
2.3713	-0.6403	-6.4002	-6.754	-0.8915	-0.9952	2.9244	9.3766	10.167	10.45	8.0767
2.3706	-0.61773	-6.3785	-6.7848	-0.93102	-1.0211	2.8652	9.3439	10.146	10.496	8.1419
2.37	-0.59516	-6.3569	-6.8157	-0.97054	-1.047	2.806	9.3112	10.126	10.543	8.2071
2.3694	-0.57259	-6.3352	-6.8466	-1.0101	-1.0729	2.7467	9.2785	10.105	10.59	8.2723
2.3687	-0.55002	-6.3136	-6.8774	-1.0496	-1.0989	2.6875	9.2457	10.084	10.637	8.3375
2.3681	-0.52745	-6.292	-6.9083	-1.0891	-1.1248	2.6283	9.213	10.064	10.684	8.4027
2.3675	-0.50488	-6.2703	-6.9392	-1.1286	-1.1507	2.5691	9.1803	10.043	10.731	8.4679
2.3668	-0.48231	-6.2487	-6.97	-1.1681	-1.1766	2.5098	9.1476	10.022	10.778	8.5331
2.3662	-0.45974	-6.227	-7.0009	-1.2077	-1.2025	2.4506	9.1149	10.001	10.825	8.5983
2.3656	-0.43717	-6.2054	-7.0318	-1.2472	-1.2284	2.3914	9.0822	9.9806	10.872	8.6635
2.3649	-0.4146	-6.1838	-7.0626	-1.2867	-1.2544	2.3322	9.0494	9.9598	10.919	8.7287
2.3643	-0.39203	-6.1621	-7.0935	-1.3262	-1.2803	2.273	9.0167	9.9391	10.966	8.7939
2.3637	-0.36946	-6.1405	-7.1244	-1.3658	-1.3062	2.2137	8.984	9.9183	11.013	8.8591
2.363	-0.34689	-6.1188	-7.1552	-1.4053	-1.3321	2.1545	8.9513	9.8976	11.06	8.9243
2.3624	-0.32432	-6.0972	-7.1861	-1.4448	-1.358	2.0953	8.9186	9.8769	11.107	8.9895
2.3618	-0.30175	-6.0755	-7.217	-1.4843	-1.3839	2.0361	8.8859	9.8561	11.154	9.0547
2.3611	-0.27918	-6.0539	-7.2478	-1.5238	-1.4099	1.9769	8.8532	9.8354	11.201	9.1199
2.3605	-0.25661	-6.0323	-7.2787	-1.5634	-1.4358	1.9176	8.8204	9.8147	11.248	9.1851
2.3599	-0.23404	-6.0106	-7.3096	-1.6029	-1.4617	1.8584	8.7877	9.7939	11.295	9.2504
2.3592	-0.21147	-5.989	-7.3404	-1.6424	-1.4876	1.7992	8.755	9.7732	11.342	9.3156
2.3586	-0.1889	-5.9673	-7.3713	-1.6819	-1.5135	1.74	8.7223	9.7525	11.389	9.3808
2.3558	-0.16348	-5.9454	-7.3885	-1.7303	-1.5281	1.6749	8.6976	9.7101	11.428	9.4193
2.3521	-0.13704	-5.9234	-7.4007	-1.7818	-1.5385	1.6076	8.6758	9.6601	11.465	9.4482
2.3485	-0.1106	-5.9014	-7.413	-1.8333	-1.549	1.5404	8.6539	9.61	11.502	9.4772
2.3448	-0.084159	-5.8793	-7.4252	-1.8849	-1.5595	1.4732	8.6321	9.56	11.539	9.5062
2.3412	-0.05772	-5.8573	-7.4375	-1.9364	-1.57	1.406	8.6103	9.5099	11.575	9.5352
2.3376	-0.031281	-5.8353	-7.4497	-1.9879	-1.5804	1.3387	8.5885	9.4599	11.612	9.5641
2.3339	-0.0048416	-5.8133	-7.462	-2.0394	-1.5909	1.2715	8.5667	9.4098	11.649	9.5931
2.3303	0.021597	-5.7913	-7.4742	-2.0909	-1.6014	1.2043	8.5448	9.3598	11.686	9.6221
2.3267	0.048036	-5.7692	-7.4865	-2.1425	-1.6119	1.1371	8.523	9.3097	11.723	9.651
2.323	0.074475	-5.7472	-7.4987	-2.194	-1.6223	1.0699	8.5012	9.2597	11.759	9.68
2.3194	0.10091	-5.7252	-7.511	-2.2455	-1.6328	1.0026	8.4794	9.2096	11.796	9.709
2.3158	0.12735	-5.7032	-7.5232	-2.297	-1.6433	0.93541	8.4575	9.1596	11.833	9.738
2.3121	0.15379	-5.6812	-7.5355	-2.3485	-1.6538	0.86819	8.4357	9.1095	11.87	9.7669
2.3085	0.18023	-5.6591	-7.5477	-2.4001	-1.6643	0.80097	8.4139	9.0595	11.907	9.7959
2.3048	0.20667	-5.6371	-7.56	-2.4516	-1.6747	0.73375	8.3921	9.0094	11.943	9.8249
2.3012	0.23311	-5.6151	-7.5722	-2.5031	-1.6852	0.66653	8.3703	8.9594	11.98	9.8538
2.2976	0.25955	-5.5931	-7.5845	-2.5546	-1.6957	0.59931	8.3484	8.9093	12.017	9.8828
2.2939	0.28599	-5.5711	-7.5967	-2.6062	-1.7062	0.53208	8.3266	8.8593	12.054	9.9118
2.2903	0.31243	-5.549	-7.609	-2.6577	-1.7166	0.46486	8.3048	8.8092	12.091	9.9408
2.2867	0.33887	-5.527	-7.6212	-2.7092	-1.7271	0.39764	8.283	8.7592	12.127	9.9697
2.283	0.3653	-5.505	-7.6335	-2.7607	-1.7376	0.33042	8.2611	8.7091	12.164	9.9987
2.2794	0.39174	-5.483	-7.6457	-2.8122	-1.7481	0.2632	8.2393	8.6591	12.201	10.028
2.2757	0.41818	-5.4609	-7.658	-2.8638	-1.7586	0.19597	8.2175	8.609	12.238	10.057
2.2721	0.44462	-5.4389	-7.6702	-2.9153	-1.769	0.12875	8.1957	8.559	12.275	10.086
2.2685	0.47106	-5.4169	-7.6825	-2.9668	-1.7795	0.06153	8.1738	8.5089	12.311	10.115
2.2648	0.4975	-5.3949	-7.6947	-3.0183	-1.79	-0.0056915	8.152	8.4589	12.348	10.144
2.2612	0.52394	-5.3729	-7.707	-3.0698	-1.8005	-0.072913	8.1302	8.4088	12.385	10.173
2.2576	0.55038	-5.3508	-7.7192	-3.1214	-1.8109	-0.14014	8.1084	8.3588	12.422	10.201
2.2539	0.57682	-5.3288	-7.7315	-3.1729	-1.8214	-0.20736	8.0866	8.3087	12.459	10.23
2.2503	0.60326	-5.3068	-7.7437	-3.2244	-1.8319	-0.27458	8.0647	8.2587	12.496	10.259
2.2467	0.62969	-5.2848	-7.756	-3.2759	-1.8424	-0.3418	8.0429	8.2086	12.532	10.288
2.243	0.65613	-5.2628	-7.7682	-3.3274	-1.8528	-0.40902	8.0211	8.1586	12.569	10.317
2.2394	0.68257	-5.2407	-7.7805	-3.379	-1.8633	-0.47624	7.9993	8.1086	12.606	10.346
2.2357	0.70901	-5.2187	-7.7927	-3.4305	-1.8738	-0.54347	7.9774	8.0585	12.643	10.375
2.2321	0.73545	-5.1967	-7.805	-3.482	-1.8843	-0.61069	7.9556	8.0085	12.68	10.404
2.2285	0.76189	-5.1747	-7.8172	-3.5335	-1.8948	-0.67791	7.9338	7.9584	12.716	10.433
2.2248	0.78833	-5.1526	-7.8295	-3.585	-1.9052	-0.74513	7.912	7.9084	12.753	10.462
2.2212	0.81477	-5.1306	-7.8417	-3.6366	-1.9157	-0.81235	7.8902	7.8583	12.79	10.491
2.2176	0.84121	-5.1086	-7.854	-3.6881	-1.9262	-0.87958	7.8683	7.8083	12.827	10.52
2.2139	0.86765	-5.0866	-7.8662	-3.7396	-1.9367	-0.9468	7.8465	7.7582	12.864	10.549
2.2103	0.89408	-5.0646	-7.8785	-3.7911	-1.9471	-1.014	7.8247	7.7082	12.9	10.578
2.2066	0.92052	-5.0425	-7.8907	-3.8427	-1.9576	-1.0812	7.8029	7.6581	12.937	10.607
2.203	0.94696	-5.0205	-7.903	-3.8942	-1.9681	-1.1485	7.781	7.6081	12.974	10.636
2.1994	0.9734	-4.9985	-7.9152	-3.9457	-1.9786	-1.2157	7.7592	7.558	13.011	10.665
2.1957	0.99984	-4.9765	-7.9275	-3.9972	-1.989	-1.2829	7.7374	7.508	13.048	10.694
2.1921	1.0263	-4.9545	-7.9397	-4.0487	-1.9995	-1.3501	7.7156	7.4579	13.084	10.723
2.1885	1.0527	-4.9324	-7.952	-4.1003	-2.01	-1.4174	7.6937	7.4079	13.121	10.752
2.1848	1.0792	-4.9104	-7.9642	-4.1518	-2.0205	-1.4846	7.6719	7.3578	13.158	10.781
2.1812	1.1056	-4.8884	-7.9765	-4.2033	-2.031	-1.5518	7.6501	7.3078	13.195	10.81
2.1775	1.132	-4.8664	-7.9887	-4.2548	-2.0414	-1.619	7.6283	7.2577	13.232	10.839
2.1739	1.1585	-4.8444	-8.001	-4.3063	-2.0519	-1.6862	7.6065	7.2077	13.268	10.868
2.1703	1.1849	-4.8223	-8.0132	-4.3579	-2.0624	-1.7535	7.5846	7.1576	13.305	10.897
2.1656	1.2128	-4.8009	-8.0216	-4.4105	-2.0713	-1.8216	7.5643	7.1054	13.339	10.92
2.1555	1.2485	-4.7828	-8.0095	-4.4688	-2.0716	-1.8944	7.5521	7.0417	13.353	10.915
2.1454	1.2842	-4.7647	-7.9973	-4.5271	-2.072	-1.9673	7.5398	6.978	13.367	10.91
2.1352	1.3199	-4.7466	-7.9852	-4.5854	-2.0724	-2.0401	7.5275	6.9143	13.382	10.905
2.1251	1.3556	-4.7285	-7.973	-4.6437	-2.0728	-2.113	7.5152	6.8506	13.396	10.9
2.115	1.3913	-4.7103	-7.9609	-4.702	-2.0732	-2.1858	7.503	6.7869	13.411	10.894
2.1048	1.427	-4.6922	-7.9487	-4.7603	-2.0735	-2.2587	7.4907	6.7232	13.425	10.889
2.0947	1.4627	-4.6741	-7.9365	-4.8186	-2.0739	-2.3316	7.4784	6.6595	13.44	10.884
2.0846	1.4984	-4.656	-7.9244	-4.8769	-2.0743	-2.4044	7.4662	6.5958	13.454	10.879
2.0745	1.5341	-4.6379	-7.9122	-4.9352	-2.0747	-2.4773	7.4539	6.5321	13.468	10.873
2.0643	1.5698	-4.6198	-7.9001	-4.9935	-2.075	-2.5501	7.4416	6.4684	13.483	10.868
2.0542	1.6055	-4.6017	-7.8879	-5.0518	-2.0754	-2.623	7.4294	6.4047	13.497	10.863
2.0441	1.6412	-4.5835	-7.8758	-5.1101	-2.0758	-2.6958	7.4171	6.341	13.512	10.858
2.034	1.6769	-4.5654	-7.8636	-5.1684	-2.0762	-2.7687	7.4048	6.2773	13.526	10.853
2.0238	1.7126	-4.5473	-7.8515	-5.2267	-2.0765	-2.8415	7.3925	6.2136	13.541	10.847
2.0137	1.7483	-4.5292	-7.8393	-5.285	-2.0769	-2.9144	7.3803	6.1499	13.555	10.842
2.0036	1.784	-4.5111	-7.8271	-5.3433	-2.0773	-2.9872	7.368	6.0862	13.57	10.837
1.9934	1.8197	-4.493	-7.815	-5.4016	-2.0777	-3.0601	7.3557	6.0225	13.584	10.832
1.9833	1.8554	-4.4748	-7.8028	-5.4599	-2.0781	-3.1329	7.3435	5.9588	13.598	10.826
1.9732	1.8911	-4.4567	-7.7907	-5.5182	-2.0784	-3.2058	7.3312	5.8951	13.613	10.821
1.9631	1.9267	-4.4386	-7.7785	-5.5765	-2.0788	-3.2787	7.3189	5.8314	13.627	10.816
1.9529	1.9624	-4.4205	-7.7664	-5.6349	-2.0792	-3.3515	7.3067	5.7677	13.642	10.811
1.9428	1.9981	-4.4024	-7.7542	-5.6932	-2.0796	-3.4244	7.2944	5.704	13.656	10.806
1.9327	2.0338	-4.3843	-7.7421	-5.7515	-2.0799	-3.4972	7.2821	5.6403	13.671	10.8
1.9226	2.0695	-4.3661	-7.7299	-5.8098	-2.0803	-3.5701	7.2698	5.5766	13.685	10.795
1.9124	2.1052	-4.348	-7.7177	-5.8681	-2.0807	-3.6429	7.2576	5.5129	13.7	10.79
1.9023	2.1409	-4.3299	-7.7056	-5.9264	-2.0811	-3.7158	7.2453	5.4492	13.714	10.785
1.8922	2.1766	-4.3118	-7.6934	-5.9847	-2.0815	-3.7886	7.233	5.3855	13.728	10.78
1.882	2.2123	-4.2937	-7.6813	-6.043	-2.0818	-3.8615	7.2208	5.3218	13.743	10.774
1.8719	2.248	-4.2756	-7.6691	-6.1013	-2.0822	-3.9343	7.2085	5.2581	13.757	10.769
1.8618	2.2837	-4.2574	-7.657	-6.1596	-2.0826	-4.0072	7.1962	5.1944	13.772	10.764
1.8517	2.3194	-4.2393	-7.6448	-6.2179	-2.083	-4.0801	7.184	5.1307	13.786	10.759
1.8415	2.3551	-4.2212	-7.6327	-6.2762	-2.0833	-4.1529	7.1717	5.067	13.801	10.753
1.8314	2.3908	-4.2031	-7.6205	-6.3345	-2.0837	-4.2258	7.1594	5.0033	13.815	10.748
1.8213	2.4265	-4.185	-7.6084	-6.3928	-2.0841	-4.2986	7.1471	4.9396	13.83	10.743
1.8112	2.4622	-4.1669	-7.5962	-6.4511	-2.0845	-4.3715	7.1349	4.8759	13.844	10.738
1.801	2.4979	-4.1488	-7.584	-6.5094	-2.0848	-4.4443	7.1226	4.8122	13.858	10.733
1.7909	2.5336	-4.1306	-7.5719	-6.5677	-2.0852	-4.5172	7.1103	4.7485	13.873	10.727
1.7808	2.5693	-4.1125	-7.5597	-6.626	-2.0856	-4.59	7.0981	4.6848	13.887	10.722
1.7706	2.605	-4.0944	-7.5476	-6.6843	-2.086	-4.6629	7.0858	4.6211	13.902	10.717
1.7605	2.6407	-4.0763	-7.5354	-6.7426	-2.0864	-4.7357	7.0735	4.5574	13.916	10.712
1.7504	2.6764	-4.0582	-7.5233	-6.8009	-2.0867	-4.8086	7.0613	4.4937	13.931	10.707
1.7403	2.7121	-4.0401	-7.5111	-6.8593	-2.0871	-4.8814	7.049	4.43	13.945	10.701
1.7301	2.7478	-4.0219	-7.499	-6.9176	-2.0875	-4.9543	7.0367	4.3663	13.96	10.696
1.72	2.7835	-4.0038	-7.4868	-6.9759	-2.0879	-5.0272	7.0244	4.3026	13.974	10.691
1.7099	2.8192	-3.9857	-7.4746	-7.0342	-2.0882	-5.1	7.0122	4.2389	13.988	10.686
1.6997	2.8549	-3.9676	-7.4625	-7.0925	-2.0886	-5.1729	6.9999	4.1752	14.003	10.68
1.6896	2.8906	-3.9495	-7.4503	-7.1508	-2.089	-5.2457	6.9876	4.1115	14.017	10.675
1.6795	2.9263	-3.9314	-7.4382	-7.2091	-2.0894	-5.3186	6.9754	4.0478	14.032	10.67
1.6694	2.962	-3.9132	-7.426	-7.2674	-2.0898	-5.3914	6.9631	3.9841	14.046	10.665
1.6592	2.9976	-3.8951	-7.4139	-7.3257	-2.0901	-5.4643	6.9508	3.9204	14.061	10.66
1.6491	3.0333	-3.877	-7.4017	-7.384	-2.0905	-5.5371	6.9386	3.8567	14.075	10.654
1.639	3.069	-3.8589	-7.3896	-7.4423	-2.0909	-5.61	6.9263	3.793	14.089	10.649
1.6263	3.1041	-3.8379	-7.3718	-7.4882	-2.0945	-5.6785	6.9077	3.7319	14.089	10.637
1.6117	3.1386	-3.8148	-7.35	-7.525	-2.1004	-5.7437	6.8844	3.6727	14.079	10.619
1.597	3.1731	-3.7917	-7.3282	-7.5618	-2.1064	-5.809	6.8612	3.6134	14.068	10.601
1.5824	3.2076	-3.7686	-7.3064	-7.5986	-2.1123	-5.8743	6.838	3.5542	14.058	10.583
1.5678	3.2422	-3.7454	-7.2845	-7.6354	-2.1183	-5.9396	6.8148	3.495	14.047	10.565
1.5532	3.2767	-3.7223	-7.2627	-7.6722	-2.1242	-6.0048	6.7915	3.4357	14.037	10.547
1.5386	3.3112	-3.6992	-7.2409	-7.709	-2.1302	-6.0701	6.7683	3.3765	14.026	10.529
1.524	3.3458	-3.6761	-7.2191	-7.7458	-2.1361	-6.1354	6.7451	3.3172	14.016	10.511
1.5094	3.3803	-3.653	-7.1973	-7.7826	-2.142	-6.2007	6.7219	3.258	14.005	10.493
1.4948	3.4148	-3.6299	-7.1754	-7.8194	-2.148	-6.2659	6.6986	3.1988	13.995	10.476
1.4802	3.4493	-3.6068	-7.1536	-7.8562	-2.1539	-6.3312	6.6754	3.1395	13.984	10.458
1.4656	3.4839	-3.5837	-7.1318	-7.893	-2.1599	-6.3965	6.6522	3.0803	13.974	10.44
1.451	3.5184	-3.5605	-7.11	-7.9298	-2.1658	-6.4618	6.6289	3.0211	13.963	10.422
1.4363	3.5529	-3.5374	-7.0882	-7.9666	-2.1718	-6.527	6.6057	2.9618	13.953	10.404
1.4217	3.5874	-3.5143	-7.0663	-8.0034	-2.1777	-6.5923	6.5825	2.9026	13.942	10.386
1.4071	3.622	-3.4912	-7.0445	-8.0402	-2.1837	-6.6576	6.5593	2.8434	13.932	10.368
1.3925	3.6565	-3.4681	-7.0227	-8.0771	-2.1896	-6.7229	6.536	2.7841	13.921	10.35
1.3779	3.691	-3.445	-7.0009	-8.1139	-2.1955	-6.7882	6.5128	2.7249	13.911	10.332
1.3633	3.7256	-3.4219	-6.9791	-8.1507	-2.2015	-6.8534	6.4896	2.6657	13.9	10.315
1.3487	3.7601	-3.3988	-6.9573	-8.1875	-2.2074	-6.9187	6.4664	2.6064	13.89	10.297
1.3341	3.7946	-3.3757	-6.9354	-8.2243	-2.2134	-6.984	6.4431	2.5472	13.879	10.279
1.3195	3.8291	-3.3525	-6.9136	-8.2611	-2.2193	-7.0493	6.4199	2.4879	13.869	10.261
1.3049	3.8637	-3.3294	-6.8918	-8.2979	-2.2253	-7.1145	6.3967	2.4287	13.858	10.243
1.2903	3.8982	-3.3063	-6.87	-8.3347	-2.2312	-7.1798	6.3734	2.3695	13.848	10.225
1.2756	3.9327	-3.2832	-6.8482	-8.3715	-2.2372	-7.2451	6.3502	2.3102	13.837	10.207
1.261	3.9673	-3.2601	-6.8263	-8.4083	-2.2431	-7.3104	6.327	2.251	13.827	10.189
1.2464	4.0018	-3.237	-6.8045	-8.4451	-2.249	-7.3756	6.3038	2.1918	13.816	10.171
1.2318	4.0363	-3.2139	-6.7827	-8.4819	-2.255	-7.4409	6.2805	2.1325	13.806	10.154
1.2172	4.0708	-3.1908	-6.7609	-8.5187	-2.2609	-7.5062	6.2573	2.0733	13.795	10.136
1.2026	4.1054	-3.1676	-6.7391	-8.5555	-2.2669	-7.5715	6.2341	2.0141	13.785	10.118
1.188	4.1399	-3.1445	-6.7173	-8.5923	-2.2728	-7.6367	6.2109	1.9548	13.774	10.1
1.1734	4.1744	-3.1214	-6.6954	-8.6291	-2.2788	-7.702	6.1876	1.8956	13.764	10.082
1.1588	4.2089	-3.0983	-6.6736	-8.6659	-2.2847	-7.7673	6.1644	1.8364	13.753	10.064
1.1442	4.2435	-3.0752	-6.6518	-8.7027	-2.2907	-7.8326	6.1412	1.7771	13.743	10.046
1.1296	4.278	-3.0521	-6.63	-8.7396	-2.2966	-7.8978	6.118	1.7179	13.732	10.028
1.115	4.3125	-3.029	-6.6082	-8.7764	-2.3025	-7.9631	6.0947	1.6586	13.722	10.01
1.1003	4.3471	-3.0059	-6.5863	-8.8132	-2.3085	-8.0284	6.0715	1.5994	13.711	9.9926
1.0857	4.3816	-2.9827	-6.5645	-8.85	-2.3144	-8.0937	6.0483	1.5402	13.701	9.9747
1.0711	4.4161	-2.9596	-6.5427	-8.8868	-2.3204	-8.1589	6.025	1.4809	13.69	9.9568
1.0565	4.4506	-2.9365	-6.5209	-8.9236	-2.3263	-8.2242	6.0018	1.4217	13.679	9.9389
1.0419	4.4852	-2.9134	-6.4991	-8.9604	-2.3323	-8.2895	5.9786	1.3625	13.669	9.921
1.0273	4.5197	-2.8903	-6.4773	-8.9972	-2.3382	-8.3548	5.9554	1.3032	13.658	9.9032
1.0127	4.5542	-2.8672	-6.4554	-9.034	-2.3442	-8.4201	5.9321	1.244	13.648	9.8853
0.99808	4.5888	-2.8441	-6.4336	-9.0708	-2.3501	-8.4853	5.9089	1.1848	13.637	9.8674
0.98347	4.6233	-2.821	-6.4118	-9.1076	-2.356	-8.5506	5.8857	1.1255	13.627	9.8495
0.96886	4.6578	-2.7978	-6.39	-9.1444	-2.362	-8.6159	5.8625	1.0663	13.616	9.8316
0.95425	4.6923	-2.7747	-6.3682	-9.1812	-2.3679	-8.6812	5.8392	1.0071	13.606	9.8137
0.93964	4.7269	-2.7516	-6.3463	-9.218	-2.3739	-8.7464	5.816	0.94782	13.595	9.7958
0.92503	4.7614	-2.7285	-6.3245	-9.2548	-2.3798	-8.8117	5.7928	0.88859	13.585	9.7779
0.91043	4.7959	-2.7054	-6.3027	-9.2916	-2.3858	-8.877	5.7695	0.82935	13.574	9.76
0.89582	4.8304	-2.6823	-6.2809	-9.3284	-2.3917	-8.9423	5.7463	0.77011	13.564	9.7422
0.88121	4.865	-2.6592	-6.2591	-9.3653	-2.3977	-9.0075	5.7231	0.71088	13.553	9.7243
0.8666	4.8995	-2.6361	-6.2372	-9.4021	-2.4036	-9.0728	5.6999	0.65164	13.543	9.7064
