-1.7384	5.1514	0.37927	0.89858	-3.7218	0.96891	3.5944	2.4227	0.27084	-1.9517	-3.9656
-1.6472	5.1761	0.41626	1.0164	-3.6563	1.0328	3.5635	2.3678	0.1812	-2.0107	-3.9908
-1.556	5.2009	0.45326	1.1343	-3.5907	1.0967	3.5327	2.3129	0.09156	-2.0698	-4.016
-1.4649	5.2257	0.49026	1.2521	-3.5252	1.1606	3.5019	2.258	0.0019202	-2.1288	-4.0412
-1.3737	5.2505	0.52725	1.3699	-3.4596	1.2246	3.4711	2.2031	-0.087719	-2.1879	-4.0664
-1.2825	5.2753	0.56425	1.4878	-3.3941	1.2885	3.4403	2.1483	-0.17736	-2.2469	-4.0916
-1.1913	5.3001	0.60124	1.6056	-3.3285	1.3524	3.4095	2.0934	-0.267	-2.306	-4.1169
-1.1046	5.3262	0.63097	1.6996	-3.261	1.467	3.3543	2.0293	-0.36559	-2.3493	-4.1399
-1.0274	5.355	0.64564	1.744	-3.1895	1.6868	3.2485	1.9462	-0.48273	-2.3598	-4.1584
-0.95007	5.3837	0.66032	1.7885	-3.118	1.9066	3.1426	1.8631	-0.59986	-2.3704	-4.177
-0.87279	5.4125	0.67499	1.8329	-3.0464	2.1263	3.0368	1.78	-0.717	-2.381	-4.1955
-0.7955	5.4412	0.68966	1.8773	-2.9749	2.3461	2.931	1.6969	-0.83413	-2.3916	-4.214
-0.71822	5.47	0.70434	1.9218	-2.9034	2.5659	2.8252	1.6138	-0.95127	-2.4022	-4.2326
-0.64093	5.4987	0.71901	1.9662	-2.8319	2.7856	2.7194	1.5307	-1.0684	-2.4127	-4.2511
-0.56365	5.5275	0.73369	2.0107	-2.7603	3.0054	2.6136	1.4476	-1.1855	-2.4233	-4.2696
-0.48637	5.5562	0.74836	2.0551	-2.6888	3.2252	2.5078	1.3644	-1.3027	-2.4339	-4.2882
-0.40908	5.585	0.76303	2.0996	-2.6173	3.4449	2.402	1.2813	-1.4198	-2.4445	-4.3067
-0.3318	5.6138	0.77771	2.144	-2.5457	3.6647	2.2962	1.1982	-1.537	-2.455	-4.3253
-0.25451	5.6425	0.79238	2.1885	-2.4742	3.8845	2.1903	1.1151	-1.6541	-2.4656	-4.3438
-0.17723	5.6713	0.80706	2.2329	-2.4027	4.1042	2.0845	1.032	-1.7712	-2.4762	-4.3623
-0.099946	5.7	0.82173	2.2773	-2.3312	4.324	1.9787	0.94892	-1.8884	-2.4868	-4.3809
-0.022662	5.7288	0.8364	2.3218	-2.2596	4.5438	1.8729	0.86581	-2.0055	-2.4973	-4.3994
0.054622	5.7575	0.85108	2.3662	-2.1881	4.7635	1.7671	0.78271	-2.1226	-2.5079	-4.4179
0.13191	5.7863	0.86575	2.4107	-2.1166	4.9833	1.6613	0.6996	-2.2398	-2.5185	-4.4365
0.20919	5.815	0.88042	2.4551	-2.0451	5.2031	1.5555	0.61649	-2.3569	-2.5291	-4.455
0.28647	5.8438	0.8951	2.4996	-1.9735	5.4228	1.4497	0.53339	-2.474	-2.5396	-4.4735
0.36376	5.8726	0.90977	2.544	-1.902	5.6426	1.3439	0.45028	-2.5912	-2.5502	-4.4921
0.44104	5.9013	0.92445	2.5884	-1.8305	5.8624	1.238	0.36718	-2.7083	-2.5608	-4.5106
0.51833	5.9301	0.93912	2.6329	-1.759	6.0822	1.1322	0.28407	-2.8254	-2.5714	-4.5292
0.59561	5.9588	0.95379	2.6773	-1.6874	6.3019	1.0264	0.20096	-2.9426	-2.5819	-4.5477
0.67223	5.9835	0.97011	2.7226	-1.6115	6.5085	0.92439	0.12274	-3.0575	-2.5941	-4.568
0.74241	5.9684	1.0024	2.7757	-1.4922	6.5862	0.85919	0.092089	-3.1507	-2.622	-4.6053
0.81259	5.9534	1.0347	2.8289	-1.3729	6.6639	0.794	0.06144	-3.2439	-2.6499	-4.6425
0.88277	5.9383	1.067	2.882	-1.2536	6.7417	0.7288	0.030791	-3.3371	-2.6777	-4.6798
0.95295	5.9232	1.0993	2.9352	-1.1343	6.8194	0.6636	0.00014196	-3.4303	-2.7056	-4.7171
1.0231	5.9081	1.1316	2.9883	-1.015	6.8971	0.59841	-0.030507	-3.5235	-2.7335	-4.7544
1.0933	5.8931	1.1639	3.0415	-0.89575	6.9749	0.53321	-0.061156	-3.6167	-2.7613	-4.7917
1.1635	5.878	1.1962	3.0946	-0.77646	7.0526	0.46801	-0.091805	-3.7099	-2.7892	-4.829
1.2337	5.8629	1.2285	3.1478	-0.65718	7.1303	0.40282	-0.12245	-3.8031	-2.8171	-4.8663
1.3038	5.8479	1.2608	3.2009	-0.53789	7.2081	0.33762	-0.1531	-3.8963	-2.8449	-4.9035
1.374	5.8328	1.2931	3.254	-0.41861	7.2858	0.27242	-0.18375	-3.9895	-2.8728	-4.9408
1.4442	5.8177	1.3253	3.3072	-0.29932	7.3635	0.20723	-0.2144	-4.0827	-2.9007	-4.9781
1.5144	5.8027	1.3576	3.3603	-0.18003	7.4412	0.14203	-0.24505	-4.1759	-2.9285	-5.0154
1.5846	5.7876	1.3899	3.4135	-0.060749	7.519	0.076833	-0.2757	-4.2691	-2.9564	-5.0527
1.6547	5.7725	1.4222	3.4666	0.058537	7.5967	0.011636	-0.30635	-4.3623	-2.9843	-5.09
1.7249	5.7574	1.4545	3.5198	0.17782	7.6744	-0.053561	-0.337	-4.4556	-3.0121	-5.1273
1.7951	5.7424	1.4868	3.5729	0.29711	7.7522	-0.11876	-0.36765	-4.5488	-3.04	-5.1645
1.8653	5.7273	1.5191	3.6261	0.41639	7.8299	-0.18395	-0.39829	-4.642	-3.0679	-5.2018
1.9354	5.7122	1.5514	3.6792	0.53568	7.9076	-0.24915	-0.42894	-4.7352	-3.0957	-5.2391
2.0056	5.6972	1.5837	3.7324	0.65497	7.9854	-0.31435	-0.45959	-4.8284	-3.1236	-5.2764
2.0758	5.6821	1.616	3.7855	0.77425	8.0631	-0.37954	-0.49024	-4.9216	-3.1515	-5.3137
2.146	5.667	1.6483	3.8386	0.89354	8.1408	-0.44474	-0.52089	-5.0148	-3.1793	-5.351
2.2162	5.652	1.6806	3.8918	1.0128	8.2186	-0.50994	-0.55154	-5.108	-3.2072	-5.3883
2.2863	5.6369	1.7129	3.9449	1.1321	8.2963	-0.57513	-0.58219	-5.2012	-3.2351	-5.4255
2.3794	5.623	1.763	4.0206	1.2285	8.3286	-0.58375	-0.64123	-5.2567	-3.3122	-5.4189
2.4762	5.6093	1.8159	4.1	1.3213	8.3536	-0.58319	-0.70487	-5.3061	-3.3974	-5.405
2.5729	5.5957	1.8689	4.1793	1.414	8.3786	-0.58263	-0.76852	-5.3554	-3.4826	-5.3912
2.6697	5.582	1.9219	4.2587	1.5067	8.4035	-0.58208	-0.83216	-5.4048	-3.5678	-5.3774
2.7665	5.5683	1.9748	4.338	1.5995	8.4285	-0.58152	-0.89581	-5.4542	-3.653	-5.3635
2.8632	5.5546	2.0278	4.4174	1.6922	8.4535	-0.58096	-0.95946	-5.5036	-3.7381	-5.3497
2.96	5.5409	2.0808	4.4967	1.7849	8.4784	-0.5804	-1.0231	-5.553	-3.8233	-5.3359
3.0568	5.5273	2.1337	4.5761	1.8777	8.5034	-0.57984	-1.0867	-5.6023	-3.9085	-5.3221
3.1535	5.5136	2.1867	4.6554	1.9704	8.5284	-0.57928	-1.1504	-5.6517	-3.9937	-5.3082
3.2503	5.4999	2.2397	4.7347	2.0631	8.5534	-0.57873	-1.214	-5.7011	-4.0789	-5.2944
3.3471	5.4862	2.2926	4.8141	2.1558	8.5783	-0.57817	-1.2777	-5.7505	-4.164	-5.2806
3.4438	5.4725	2.3456	4.8934	2.2486	8.6033	-0.57761	-1.3413	-5.7999	-4.2492	-5.2668
3.5406	5.4589	2.3986	4.9728	2.3413	8.6283	-0.57705	-1.405	-5.8492	-4.3344	-5.2529
3.6374	5.4452	2.4515	5.0521	2.434	8.6532	-0.57649	-1.4686	-5.8986	-4.4196	-5.2391
3.7341	5.4315	2.5045	5.1315	2.5268	8.6782	-0.57593	-1.5323	-5.948	-4.5047	-5.2253
3.8309	5.4178	2.5575	5.2108	2.6195	8.7032	-0.57538	-1.5959	-5.9974	-4.5899	-5.2115
3.9277	5.4041	2.6104	5.2902	2.7122	8.7282	-0.57482	-1.6596	-6.0467	-4.6751	-5.1976
4.0244	5.3905	2.6634	5.3695	2.8049	8.7531	-0.57426	-1.7232	-6.0961	-4.7603	-5.1838
4.1212	5.3768	2.7164	5.4489	2.8977	8.7781	-0.5737	-1.7868	-6.1455	-4.8455	-5.17
4.218	5.3631	2.7693	5.5282	2.9904	8.8031	-0.57314	-1.8505	-6.1949	-4.9306	-5.1561
4.3147	5.3494	2.8223	5.6075	3.0831	8.828	-0.57258	-1.9141	-6.2443	-5.0158	-5.1423
4.4115	5.3357	2.8753	5.6869	3.1759	8.853	-0.57203	-1.9778	-6.2936	-5.101	-5.1285
4.5083	5.3221	2.9282	5.7662	3.2686	8.878	-0.57147	-2.0414	-6.343	-5.1862	-5.1147
4.5881	5.3035	2.9971	5.8178	3.3876	8.8976	-0.55361	-2.0986	-6.3749	-5.2925	-5.1275
4.6579	5.2819	3.0755	5.8529	3.5221	8.914	-0.5255	-2.1519	-6.3965	-5.4113	-5.1562
4.7277	5.2604	3.1539	5.888	3.6566	8.9304	-0.49739	-2.2053	-6.418	-5.5302	-5.1848
4.7975	5.2389	3.2323	5.9232	3.7912	8.9468	-0.46928	-2.2586	-6.4396	-5.649	-5.2135
4.8673	5.2174	3.3107	5.9583	3.9257	8.9631	-0.44117	-2.312	-6.4611	-5.7679	-5.2421
4.9371	5.1959	3.389	5.9934	4.0602	8.9795	-0.41306	-2.3653	-6.4826	-5.8867	-5.2708
5.007	5.1744	3.4674	6.0285	4.1948	8.9959	-0.38494	-2.4187	-6.5042	-6.0056	-5.2995
5.0768	5.1529	3.5458	6.0636	4.3293	9.0123	-0.35683	-2.472	-6.5257	-6.1244	-5.3281
5.1466	5.1313	3.6242	6.0987	4.4638	9.0287	-0.32872	-2.5253	-6.5473	-6.2433	-5.3568
5.2164	5.1098	3.7025	6.1339	4.5984	9.0451	-0.30061	-2.5787	-6.5688	-6.3621	-5.3854
5.2862	5.0883	3.7809	6.169	4.7329	9.0615	-0.2725	-2.632	-6.5904	-6.481	-5.4141
5.356	5.0668	3.8593	6.2041	4.8675	9.0779	-0.24439	-2.6854	-6.6119	-6.5998	-5.4427
5.4258	5.0453	3.9377	6.2392	5.002	9.0943	-0.21628	-2.7387	-6.6334	-6.7187	-5.4714
5.4956	5.0238	4.016	6.2743	5.1365	9.1107	-0.18817	-2.792	-6.655	-6.8375	-5.5001
5.5654	5.0022	4.0944	6.3095	5.2711	9.1271	-0.16006	-2.8454	-6.6765	-6.9564	-5.5287
5.6352	4.9807	4.1728	6.3446	5.4056	9.1435	-0.13195	-2.8987	-6.6981	-7.0752	-5.5574
5.705	4.9592	4.2512	6.3797	5.5401	9.1599	-0.10384	-2.9521	-6.7196	-7.1941	-5.586
5.7748	4.9377	4.3295	6.4148	5.6747	9.1763	-0.075728	-3.0054	-6.7411	-7.3129	-5.6147
5.8447	4.9162	4.4079	6.4499	5.8092	9.1926	-0.047617	-3.0588	-6.7627	-7.4317	-5.6433
5.9145	4.8947	4.4863	6.485	5.9437	9.209	-0.019507	-3.1121	-6.7842	-7.5506	-5.672
5.9843	4.8732	4.5647	6.5202	6.0783	9.2254	0.0086038	-3.1654	-6.8058	-7.6694	-5.7007
6.0541	4.8516	4.643	6.5553	6.2128	9.2418	0.036714	-3.2188	-6.8273	-7.7883	-5.7293
6.1239	4.8301	4.7214	6.5904	6.3473	9.2582	0.064825	-3.2721	-6.8489	-7.9071	-5.758
6.1988	4.8056	4.8061	6.6266	6.4909	9.2701	0.095588	-3.3527	-6.8587	-8.0319	-5.7649
6.2813	4.7766	4.9004	6.6646	6.6482	9.2749	0.13041	-3.475	-6.8505	-8.1657	-5.7385
6.3639	4.7476	4.9947	6.7026	6.8055	9.2798	0.16522	-3.5973	-6.8424	-8.2994	-5.7121
6.4465	4.7186	5.089	6.7405	6.9628	9.2847	0.20004	-3.7196	-6.8343	-8.4332	-5.6858
6.5291	4.6896	5.1834	6.7785	7.1201	9.2895	0.23486	-3.8418	-6.8261	-8.567	-5.6594
6.6117	4.6605	5.2777	6.8165	7.2774	9.2944	0.26968	-3.9641	-6.818	-8.7007	-5.633
6.6943	4.6315	5.372	6.8544	7.4347	9.2992	0.3045	-4.0864	-6.8099	-8.8345	-5.6067
6.7769	4.6025	5.4663	6.8924	7.592	9.3041	0.33932	-4.2087	-6.8018	-8.9683	-5.5803
6.8594	4.5735	5.5606	6.9304	7.7493	9.309	0.37414	-4.3309	-6.7936	-9.102	-5.5539
6.942	4.5444	5.6549	6.9683	7.9066	9.3138	0.40896	-4.4532	-6.7855	-9.2358	-5.5276
7.0246	4.5154	5.7492	7.0063	8.0639	9.3187	0.44377	-4.5755	-6.7774	-9.3696	-5.5012
7.1072	4.4864	5.8436	7.0443	8.2212	9.3236	0.47859	-4.6978	-6.7692	-9.5033	-5.4748
7.1898	4.4574	5.9379	7.0822	8.3785	9.3284	0.51341	-4.8201	-6.7611	-9.6371	-5.4485
7.2724	4.4284	6.0322	7.1202	8.5358	9.3333	0.54823	-4.9423	-6.753	-9.7709	-5.4221
7.355	4.3993	6.1265	7.1582	8.6931	9.3382	0.58305	-5.0646	-6.7448	-9.9046	-5.3957
7.4375	4.3703	6.2208	7.1961	8.8504	9.343	0.61787	-5.1869	-6.7367	-10.038	-5.3694
7.5201	4.3413	6.3151	7.2341	9.0077	9.3479	0.65269	-5.3092	-6.7286	-10.172	-5.343
7.6027	4.3123	6.4094	7.2721	9.165	9.3528	0.6875	-5.4315	-6.7204	-10.306	-5.3166
7.6853	4.2832	6.5037	7.31	9.3223	9.3576	0.72232	-5.5537	-6.7123	-10.44	-5.2903
7.7679	4.2542	6.5981	7.348	9.4796	9.3625	0.75714	-5.676	-6.7042	-10.573	-5.2639
7.8505	4.2252	6.6924	7.386	9.6369	9.3674	0.79196	-5.7983	-6.6961	-10.707	-5.2375
7.9331	4.1962	6.7867	7.4239	9.7942	9.3722	0.82678	-5.9206	-6.6879	-10.841	-5.2112
8.0157	4.1672	6.881	7.4619	9.9515	9.3771	0.8616	-6.0428	-6.6798	-10.975	-5.1848
8.0942	4.1366	6.9765	7.5112	10.102	9.3611	0.89838	-6.1528	-6.6755	-11.108	-5.1639
8.152	4.0981	7.0779	7.6187	10.221	9.2377	0.94525	-6.1992	-6.6907	-11.237	-5.1709
8.2097	4.0595	7.1793	7.7262	10.339	9.1144	0.99213	-6.2456	-6.7059	-11.366	-5.1779
8.2675	4.021	7.2807	7.8337	10.457	8.991	1.039	-6.292	-6.7212	-11.496	-5.185
8.3253	3.9825	7.3822	7.9413	10.575	8.8676	1.0859	-6.3384	-6.7364	-11.625	-5.192
8.383	3.9439	7.4836	8.0488	10.693	8.7443	1.1327	-6.3848	-6.7516	-11.754	-5.199
8.4408	3.9054	7.585	8.1563	10.811	8.6209	1.1796	-6.4312	-6.7669	-11.883	-5.2061
8.4986	3.8669	7.6864	8.2638	10.929	8.4976	1.2265	-6.4776	-6.7821	-12.013	-5.2131
8.5564	3.8283	7.7878	8.3713	11.048	8.3742	1.2734	-6.524	-6.7973	-12.142	-5.2202
8.6141	3.7898	7.8893	8.4789	11.166	8.2509	1.3202	-6.5704	-6.8126	-12.271	-5.2272
8.6719	3.7513	7.9907	8.5864	11.284	8.1275	1.3671	-6.6168	-6.8278	-12.4	-5.2342
8.7297	3.7128	8.0921	8.6939	11.402	8.0041	1.414	-6.6632	-6.8431	-12.53	-5.2413
8.7874	3.6742	8.1935	8.8014	11.52	7.8808	1.4609	-6.7096	-6.8583	-12.659	-5.2483
8.8452	3.6357	8.295	8.9089	11.638	7.7574	1.5077	-6.756	-6.8735	-12.788	-5.2553
8.903	3.5972	8.3964	9.0165	11.756	7.6341	1.5546	-6.8024	-6.8888	-12.918	-5.2624
8.9608	3.5586	8.4978	9.124	11.875	7.5107	1.6015	-6.8488	-6.904	-13.047	-5.2694
9.0185	3.5201	8.5992	9.2315	11.993	7.3873	1.6484	-6.8951	-6.9192	-13.176	-5.2765
9.0763	3.4816	8.7006	9.339	12.111	7.264	1.6952	-6.9415	-6.9345	-13.305	-5.2835
9.1341	3.443	8.8021	9.4465	12.229	7.1406	1.7421	-6.9879	-6.9497	-13.435	-5.2905
9.1918	3.4045	8.9035	9.554	12.347	7.0173	1.789	-7.0343	-6.9649	-13.564	-5.2976
9.2496	3.366	9.0049	9.6616	12.465	6.8939	1.8359	-7.0807	-6.9802	-13.693	-5.3046
9.3074	3.3275	9.1063	9.7691	12.583	6.7705	1.8827	-7.1271	-6.9954	-13.822	-5.3116
9.3651	3.2889	9.2078	9.8766	12.701	6.6472	1.9296	-7.1735	-7.0106	-13.952	-5.3187
9.4229	3.2504	9.3092	9.9841	12.82	6.5238	1.9765	-7.2199	-7.0259	-14.081	-5.3257
9.5161	3.2492	9.3775	10.105	12.845	6.5018	1.9779	-7.2656	-7.0742	-14.17	-5.3476
9.6119	3.2508	9.4434	10.227	12.864	6.4874	1.9758	-7.3112	-7.1251	-14.256	-5.3706
9.7078	3.2523	9.5093	10.348	12.883	6.473	1.9738	-7.3568	-7.1759	-14.343	-5.3936
9.8036	3.2539	9.5752	10.47	12.902	6.4586	1.9718	-7.4025	-7.2268	-14.429	-5.4167
9.8995	3.2555	9.6411	10.592	12.921	6.4442	1.9698	-7.4481	-7.2776	-14.515	-5.4397
9.9953	3.2571	9.707	10.713	12.94	6.4298	1.9678	-7.4937	-7.3285	-14.601	-5.4627
10.091	3.2587	9.7729	10.835	12.959	6.4155	1.9657	-7.5393	-7.3793	-14.687	-5.4857
10.187	3.2602	9.8388	10.957	12.977	6.4011	1.9637	-7.5849	-7.4302	-14.774	-5.5087
10.283	3.2618	9.9047	11.078	12.996	6.3867	1.9617	-7.6305	-7.481	-14.86	-5.5317
10.379	3.2634	9.9706	11.2	13.015	6.3723	1.9597	-7.6762	-7.5319	-14.946	-5.5547
10.475	3.265	10.036	11.322	13.034	6.3579	1.9576	-7.7218	-7.5827	-15.032	-5.5778
10.57	3.2666	10.102	11.444	13.053	6.3435	1.9556	-7.7674	-7.6336	-15.118	-5.6008
10.666	3.2682	10.168	11.565	13.072	6.3291	1.9536	-7.813	-7.6844	-15.205	-5.6238
10.762	3.2697	10.234	11.687	13.091	6.3147	1.9516	-7.8586	-7.7353	-15.291	-5.6468
10.858	3.2713	10.3	11.809	13.109	6.3003	1.9496	-7.9042	-7.7861	-15.377	-5.6698
10.954	3.2729	10.366	11.93	13.128	6.2859	1.9475	-7.9499	-7.837	-15.463	-5.6928
11.05	3.2745	10.432	12.052	13.147	6.2715	1.9455	-7.9955	-7.8878	-15.55	-5.7158
11.145	3.2761	10.498	12.174	13.166	6.2571	1.9435	-8.0411	-7.9387	-15.636	-5.7388
11.241	3.2776	10.564	12.295	13.185	6.2427	1.9415	-8.0867	-7.9895	-15.722	-5.7619
11.337	3.2792	10.629	12.417	13.204	6.2283	1.9394	-8.1323	-8.0404	-15.808	-5.7849
11.433	3.2808	10.695	12.539	13.223	6.2139	1.9374	-8.1779	-8.0912	-15.894	-5.8079
11.529	3.2824	10.761	12.661	13.241	6.1995	1.9354	-8.2235	-8.1421	-15.981	-5.8309
11.625	3.284	10.827	12.782	13.26	6.1851	1.9334	-8.2692	-8.1929	-16.067	-5.8539
11.693	3.2752	10.89	12.859	13.289	6.1912	1.906	-8.3114	-8.2512	-16.12	-5.8724
11.75	3.262	10.951	12.916	13.321	6.2061	1.8676	-8.3521	-8.3128	-16.16	-5.8888
11.807	3.2487	11.012	12.974	13.354	6.2211	1.8293	-8.3928	-8.3744	-16.199	-5.9053
11.864	3.2355	11.074	13.031	13.387	6.236	1.7909	-8.4336	-8.4359	-16.239	-5.9218
11.921	3.2222	11.135	13.089	13.419	6.251	1.7525	-8.4743	-8.4975	-16.278	-5.9383
11.978	3.209	11.196	13.146	13.452	6.2659	1.7142	-8.515	-8.5591	-16.318	-5.9548
12.035	3.1957	11.257	13.204	13.485	6.2808	1.6758	-8.5558	-8.6206	-16.357	-5.9712
12.091	3.1824	11.319	13.261	13.517	6.2958	1.6375	-8.5965	-8.6822	-16.397	-5.9877
12.148	3.1692	11.38	13.318	13.55	6.3107	1.5991	-8.6372	-8.7438	-16.436	-6.0042
12.205	3.1559	11.441	13.376	13.583	6.3257	1.5607	-8.678	-8.8053	-16.476	-6.0207
12.262	3.1427	11.502	13.433	13.615	6.3406	1.5224	-8.7187	-8.8669	-16.515	-6.0371
12.319	3.1294	11.564	13.491	13.648	6.3555	1.484	-8.7594	-8.9285	-16.555	-6.0536
12.376	3.1162	11.625	13.548	13.68	6.3705	1.4456	-8.8002	-8.99	-16.594	-6.0701
12.433	3.1029	11.686	13.605	13.713	6.3854	1.4073	-8.8409	-9.0516	-16.634	-6.0866
12.49	3.0897	11.747	13.663	13.746	6.4004	1.3689	-8.8816	-9.1132	-16.673	-6.1031
12.546	3.0764	11.809	13.72	13.778	6.4153	1.3305	-8.9223	-9.1747	-16.713	-6.1195
12.603	3.0632	11.87	13.778	13.811	6.4302	1.2922	-8.9631	-9.2363	-16.752	-6.136
12.66	3.0499	11.931	13.835	13.844	6.4452	1.2538	-9.0038	-9.2979	-16.792	-6.1525
12.717	3.0367	11.992	13.892	13.876	6.4601	1.2155	-9.0445	-9.3594	-16.831	-6.169
12.774	3.0234	12.054	13.95	13.909	6.4751	1.1771	-9.0853	-9.421	-16.871	-6.1855
12.831	3.0102	12.115	14.007	13.942	6.49	1.1387	-9.126	-9.4826	-16.91	-6.2019
12.888	2.9969	12.176	14.065	13.974	6.5049	1.1004	-9.1667	-9.5441	-16.95	-6.2184
12.945	2.9837	12.237	14.122	14.007	6.5199	1.062	-9.2075	-9.6057	-16.989	-6.2349
12.979	2.9529	12.289	14.174	14.033	6.5227	1.0263	-9.2478	-9.6449	-17.016	-6.2438
12.987	2.902	12.329	14.219	14.052	6.5117	0.99377	-9.2876	-9.6584	-17.029	-6.2439
12.995	2.8511	12.369	14.265	14.071	6.5007	0.96121	-9.3275	-9.6719	-17.041	-6.244
13.004	2.8002	12.409	14.31	14.09	6.4897	0.92865	-9.3673	-9.6854	-17.053	-6.2441
13.012	2.7492	12.45	14.355	14.109	6.4787	0.89609	-9.4072	-9.6989	-17.065	-6.2442
13.02	2.6983	12.49	14.401	14.128	6.4676	0.86353	-9.447	-9.7124	-17.077	-6.2443
13.028	2.6474	12.53	14.446	14.147	6.4566	0.83097	-9.4868	-9.7259	-17.09	-6.2444
13.037	2.5965	12.57	14.491	14.166	6.4456	0.79841	-9.5267	-9.7394	-17.102	-6.2445
13.045	2.5456	12.61	14.537	14.185	6.4346	0.76585	-9.5665	-9.7529	-17.114	-6.2446
13.053	2.4946	12.65	14.582	14.204	6.4236	0.73329	-9.6064	-9.7663	-17.126	-6.2447
13.061	2.4437	12.691	14.627	14.223	6.4125	0.70073	-9.6462	-9.7798	-17.139	-6.2448
13.07	2.3928	12.731	14.673	14.242	6.4015	0.66817	-9.686	-9.7933	-17.151	-6.2449
13.078	2.3419	12.771	14.718	14.261	6.3905	0.63561	-9.7259	-9.8068	-17.163	-6.245
13.086	2.291	12.811	14.763	14.28	6.3795	0.60305	-9.7657	-9.8203	-17.175	-6.2452
13.094	2.24	12.851	14.809	14.299	6.3685	0.57049	-9.8056	-9.8338	-17.187	-6.2453
13.103	2.1891	12.891	14.854	14.318	6.3574	0.53793	-9.8454	-9.8473	-17.2	-6.2454
13.111	2.1382	12.931	14.899	14.337	6.3464	0.50537	-9.8853	-9.8608	-17.212	-6.2455
13.119	2.0873	12.972	14.945	14.356	6.3354	0.47281	-9.9251	-9.8743	-17.224	-6.2456
13.127	2.0364	13.012	14.99	14.375	6.3244	0.44025	-9.9649	-9.8878	-17.236	-6.2457
13.136	1.9854	13.052	15.035	14.394	6.3134	0.40769	-10.005	-9.9013	-17.248	-6.2458
13.144	1.9345	13.092	15.081	14.413	6.3023	0.37513	-10.045	-9.9148	-17.261	-6.2459
13.152	1.8836	13.132	15.126	14.432	6.2913	0.34257	-10.084	-9.9283	-17.273	-6.246
13.16	1.8327	13.172	15.171	14.451	6.2803	0.31001	-10.124	-9.9417	-17.285	-6.2461
13.168	1.789	13.202	15.221	14.46	6.276	0.26353	-10.146	-9.9745	-17.278	-6.2579
13.175	1.7691	13.197	15.284	14.434	6.294	0.17115	-10.11	-10.071	-17.206	-6.3082
13.182	1.7493	13.193	15.346	14.408	6.312	0.078759	-10.074	-10.167	-17.134	-6.3584
13.189	1.7294	13.188	15.409	14.381	6.3299	-0.013628	-10.038	-10.263	-17.063	-6.4087
13.196	1.7096	13.183	15.472	14.355	6.3479	-0.10602	-10.002	-10.359	-16.991	-6.459
13.203	1.6897	13.178	15.535	14.329	6.3658	-0.1984	-9.966	-10.455	-16.919	-6.5092
13.209	1.6699	13.174	15.597	14.303	6.3838	-0.29079	-9.9299	-10.551	-16.848	-6.5595
13.216	1.65	13.169	15.66	14.277	6.4018	-0.38318	-9.8938	-10.648	-16.776	-6.6098
13.223	1.6302	13.164	15.723	14.25	6.4197	-0.47556	-9.8577	-10.744	-16.704	-6.6601
13.23	1.6103	13.159	15.786	14.224	6.4377	-0.56795	-9.8217	-10.84	-16.633	-6.7103
13.237	1.5905	13.154	15.848	14.198	6.4557	-0.66034	-9.7856	-10.936	-16.561	-6.7606
13.244	1.5706	13.15	15.911	14.172	6.4736	-0.75273	-9.7495	-11.032	-16.489	-6.8109
13.251	1.5508	13.145	15.974	14.146	6.4916	-0.84511	-9.7134	-11.128	-16.417	-6.8611
13.258	1.5309	13.14	16.037	14.119	6.5096	-0.9375	-9.6773	-11.224	-16.346	-6.9114
13.264	1.5111	13.135	16.1	14.093	6.5275	-1.0299	-9.6412	-11.321	-16.274	-6.9617
13.271	1.4912	13.131	16.162	14.067	6.5455	-1.1223	-9.6051	-11.417	-16.202	-7.0119
13.278	1.4714	13.126	16.225	14.041	6.5634	-1.2147	-9.569	-11.513	-16.131	-7.0622
13.285	1.4515	13.121	16.288	14.015	6.5814	-1.3071	-9.5329	-11.609	-16.059	-7.1125
13.292	1.4317	13.116	16.351	13.988	6.5994	-1.3994	-9.4968	-11.705	-15.987	-7.1627
13.299	1.4119	13.111	16.413	13.962	6.6173	-1.4918	-9.4607	-11.801	-15.916	-7.213
13.306	1.392	13.107	16.476	13.936	6.6353	-1.5842	-9.4246	-11.898	-15.844	-7.2633
13.313	1.3722	13.102	16.539	13.91	6.6533	-1.6766	-9.3886	-11.994	-15.772	-7.3136
13.319	1.3523	13.097	16.602	13.884	6.6712	-1.769	-9.3525	-12.09	-15.7	-7.3638
13.326	1.3325	13.092	16.664	13.857	6.6892	-1.8614	-9.3164	-12.186	-15.629	-7.4141
13.266	0.45772	13.225	17.475	13.995	6.7384	-2.8982	-9.624	-13.335	-14.837	-7.2258
13.249	0.41769	13.214	17.482	14.015	6.7574	-2.9252	-9.6231	-13.353	-14.81	-7.2265
13.233	0.37767	13.204	17.489	14.035	6.7765	-2.9523	-9.6222	-13.37	-14.783	-7.2272
13.216	0.33765	13.193	17.497	14.055	6.7956	-2.9794	-9.6213	-13.388	-14.757	-7.2278
13.199	0.29762	13.182	17.504	14.075	6.8147	-3.0064	-9.6205	-13.406	-14.73	-7.2285
13.182	0.2576	13.172	17.512	14.096	6.8337	-3.0335	-9.6196	-13.424	-14.703	-7.2292
13.166	0.21758	13.161	17.519	14.116	6.8528	-3.0606	-9.6187	-13.442	-14.677	-7.2299
13.149	0.17756	13.15	17.527	14.136	6.8719	-3.0877	-9.6178	-13.459	-14.65	-7.2305
13.132	0.13753	13.14	17.534	14.156	6.8909	-3.1147	-9.6169	-13.477	-14.624	-7.2312
13.115	0.09751	13.129	17.542	14.176	6.91	-3.1418	-9.616	-13.495	-14.597	-7.2319
13.099	0.057487	13.119	17.549	14.196	6.9291	-3.1689	-9.6151	-13.513	-14.57	-7.2325
13.082	0.017464	13.108	17.556	14.216	6.9482	-3.196	-9.6143	-13.531	-14.544	-7.2332
13.065	-0.022559	13.097	17.564	14.236	6.9672	-3.223	-9.6134	-13.549	-14.517	-7.2339
13.049	-0.062582	13.087	17.571	14.256	6.9863	-3.2501	-9.6125	-13.566	-14.49	-7.2345
13.032	-0.1026	13.076	17.579	14.277	7.0054	-3.2772	-9.6116	-13.584	-14.464	-7.2352
13.015	-0.14263	13.065	17.586	14.297	7.0244	-3.3043	-9.6107	-13.602	-14.437	-7.2359
12.998	-0.18265	13.055	17.594	14.317	7.0435	-3.3313	-9.6098	-13.62	-14.411	-7.2365
12.982	-0.22267	13.044	17.601	14.337	7.0626	-3.3584	-9.6089	-13.638	-14.384	-7.2372
12.965	-0.2627	13.034	17.609	14.357	7.0817	-3.3855	-9.608	-13.656	-14.357	-7.2379
12.948	-0.30272	13.023	17.616	14.377	7.1007	-3.4126	-9.6072	-13.673	-14.331	-7.2385
12.931	-0.34274	13.012	17.623	14.397	7.1198	-3.4396	-9.6063	-13.691	-14.304	-7.2392
12.915	-0.38276	13.002	17.631	14.417	7.1389	-3.4667	-9.6054	-13.709	-14.277	-7.2399
12.898	-0.42279	12.991	17.638	14.437	7.1579	-3.4938	-9.6045	-13.727	-14.251	-7.2405
12.881	-0.46281	12.98	17.646	14.457	7.177	-3.5209	-9.6036	-13.745	-14.224	-7.2412
12.875	-0.50236	12.958	17.633	14.492	7.191	-3.5294	-9.6025	-13.748	-14.201	-7.2317
12.872	-0.54178	12.933	17.614	14.53	7.2034	-3.5324	-9.6014	-13.747	-14.178	-7.2192
12.869	-0.58119	12.907	17.594	14.569	7.2157	-3.5354	-9.6002	-13.746	-14.155	-7.2067
12.866	-0.6206	12.882	17.575	14.608	7.2281	-3.5384	-9.5991	-13.745	-14.132	-7.1941
12.863	-0.66002	12.857	17.556	14.646	7.2405	-3.5414	-9.5979	-13.744	-14.11	-7.1816
12.86	-0.69943	12.831	17.537	14.685	7.2529	-3.5444	-9.5968	-13.743	-14.087	-7.1691
12.857	-0.73884	12.806	17.518	14.723	7.2653	-3.5473	-9.5956	-13.742	-14.064	-7.1565
12.854	-0.77825	12.78	17.498	14.762	7.2777	-3.5503	-9.5945	-13.741	-14.042	-7.144
12.851	-0.81767	12.755	17.479	14.8	7.2901	-3.5533	-9.5933	-13.74	-14.019	-7.1315
12.848	-0.85708	12.729	17.46	14.839	7.3025	-3.5563	-9.5922	-13.739	-13.996	-7.1189
12.845	-0.89649	12.704	17.441	14.878	7.3149	-3.5593	-9.591	-13.738	-13.973	-7.1064
12.842	-0.9359	12.678	17.421	14.916	7.3273	-3.5623	-9.5899	-13.737	-13.951	-7.0939
12.839	-0.97532	12.653	17.402	14.955	7.3397	-3.5652	-9.5887	-13.736	-13.928	-7.0813
12.836	-1.0147	12.628	17.383	14.993	7.3521	-3.5682	-9.5876	-13.734	-13.905	-7.0688
12.834	-1.0541	12.602	17.364	15.032	7.3645	-3.5712	-9.5864	-13.733	-13.882	-7.0562
12.831	-1.0936	12.577	17.345	15.071	7.3769	-3.5742	-9.5853	-13.732	-13.86	-7.0437
12.828	-1.133	12.551	17.325	15.109	7.3893	-3.5772	-9.5841	-13.731	-13.837	-7.0312
12.825	-1.1724	12.526	17.306	15.148	7.4017	-3.5802	-9.583	-13.73	-13.814	-7.0186
12.822	-1.2118	12.5	17.287	15.186	7.4141	-3.5831	-9.5818	-13.729	-13.792	-7.0061
12.819	-1.2512	12.475	17.268	15.225	7.4265	-3.5861	-9.5807	-13.728	-13.769	-6.9936
12.816	-1.2906	12.45	17.249	15.264	7.4389	-3.5891	-9.5795	-13.727	-13.746	-6.981
12.813	-1.33	12.424	17.229	15.302	7.4513	-3.5921	-9.5784	-13.726	-13.723	-6.9685
12.81	-1.3694	12.399	17.21	15.341	7.4637	-3.5951	-9.5772	-13.725	-13.701	-6.956
12.823	-1.385	12.371	17.187	15.362	7.4815	-3.5845	-9.5736	-13.733	-13.695	-6.9498
12.85	-1.3798	12.34	17.159	15.367	7.504	-3.5623	-9.5678	-13.75	-13.703	-6.9493
12.877	-1.3745	12.31	17.132	15.373	7.5266	-3.54	-9.562	-13.766	-13.712	-6.9488
12.904	-1.3693	12.279	17.105	15.378	7.5491	-3.5177	-9.5562	-13.782	-13.721	-6.9482
12.931	-1.3641	12.249	17.077	15.384	7.5716	-3.4954	-9.5504	-13.798	-13.729	-6.9477
12.958	-1.3589	12.218	17.05	15.389	7.5941	-3.4731	-9.5446	-13.815	-13.738	-6.9472
12.985	-1.3537	12.188	17.023	15.395	7.6167	-3.4509	-9.5388	-13.831	-13.746	-6.9466
13.013	-1.3484	12.157	16.995	15.4	7.6392	-3.4286	-9.533	-13.847	-13.755	-6.9461
13.04	-1.3432	12.127	16.968	15.406	7.6617	-3.4063	-9.5272	-13.864	-13.764	-6.9455
13.067	-1.338	12.096	16.941	15.411	7.6842	-3.384	-9.5214	-13.88	-13.772	-6.945
13.094	-1.3328	12.066	16.914	15.416	7.7068	-3.3617	-9.5156	-13.896	-13.781	-6.9445
13.121	-1.3276	12.035	16.886	15.422	7.7293	-3.3395	-9.5098	-13.912	-13.789	-6.9439
13.148	-1.3223	12.005	16.859	15.427	7.7518	-3.3172	-9.504	-13.929	-13.798	-6.9434
13.175	-1.3171	11.974	16.832	15.433	7.7744	-3.2949	-9.4982	-13.945	-13.807	-6.9428
13.202	-1.3119	11.944	16.804	15.438	7.7969	-3.2726	-9.4924	-13.961	-13.815	-6.9423
13.229	-1.3067	11.913	16.777	15.444	7.8194	-3.2503	-9.4866	-13.978	-13.824	-6.9418
13.256	-1.3015	11.883	16.75	15.449	7.8419	-3.2281	-9.4809	-13.994	-13.832	-6.9412
13.283	-1.2962	11.853	16.722	15.455	7.8645	-3.2058	-9.4751	-14.01	-13.841	-6.9407
13.31	-1.291	11.822	16.695	15.46	7.887	-3.1835	-9.4693	-14.026	-13.85	-6.9402
13.338	-1.2858	11.792	16.668	15.466	7.9095	-3.1612	-9.4635	-14.043	-13.858	-6.9396
13.365	-1.2806	11.761	16.64	15.471	7.9321	-3.1389	-9.4577	-14.059	-13.867	-6.9391
13.392	-1.2754	11.731	16.613	15.477	7.9546	-3.1167	-9.4519	-14.075	-13.876	-6.9385
13.419	-1.2702	11.7	16.586	15.482	7.9771	-3.0944	-9.4461	-14.092	-13.884	-6.938
13.439	-1.2738	11.674	16.545	15.493	7.988	-3.056	-9.4481	-14.076	-13.901	-6.9261
13.442	-1.2981	11.659	16.475	15.514	7.9722	-2.9804	-9.4683	-13.987	-13.938	-6.8881
13.445	-1.3223	11.644	16.405	15.535	7.9563	-2.9048	-9.4885	-13.898	-13.975	-6.85
13.449	-1.3466	11.628	16.335	15.557	7.9404	-2.8293	-9.5086	-13.809	-14.011	-6.812
13.452	-1.3708	11.613	16.264	15.578	7.9245	-2.7537	-9.5288	-13.72	-14.048	-6.7739
13.455	-1.3951	11.598	16.194	15.6	7.9087	-2.6781	-9.549	-13.631	-14.085	-6.7359
13.459	-1.4193	11.583	16.124	15.621	7.8928	-2.6026	-9.5692	-13.542	-14.121	-6.6978
13.462	-1.4436	11.567	16.054	15.643	7.8769	-2.527	-9.5893	-13.453	-14.158	-6.6598
13.465	-1.4678	11.552	15.984	15.664	7.861	-2.4514	-9.6095	-13.364	-14.195	-6.6217
13.469	-1.492	11.537	15.913	15.685	7.8452	-2.3758	-9.6297	-13.275	-14.231	-6.5837
13.472	-1.5163	11.522	15.843	15.707	7.8293	-2.3003	-9.6498	-13.186	-14.268	-6.5457
13.475	-1.5405	11.506	15.773	15.728	7.8134	-2.2247	-9.67	-13.097	-14.305	-6.5076
13.479	-1.5648	11.491	15.703	15.75	7.7976	-2.1491	-9.6902	-13.008	-14.341	-6.4696
13.482	-1.589	11.476	15.633	15.771	7.7817	-2.0736	-9.7103	-12.919	-14.378	-6.4315
13.485	-1.6133	11.46	15.562	15.792	7.7658	-1.998	-9.7305	-12.83	-14.415	-6.3935
13.489	-1.6375	11.445	15.492	15.814	7.7499	-1.9224	-9.7507	-12.741	-14.451	-6.3554
13.492	-1.6618	11.43	15.422	15.835	7.7341	-1.8468	-9.7709	-12.652	-14.488	-6.3174
13.495	-1.686	11.415	15.352	15.857	7.7182	-1.7713	-9.791	-12.563	-14.525	-6.2793
13.499	-1.7102	11.399	15.281	15.878	7.7023	-1.6957	-9.8112	-12.474	-14.562	-6.2413
13.502	-1.7345	11.384	15.211	15.9	7.6864	-1.6201	-9.8314	-12.385	-14.598	-6.2032
13.505	-1.7587	11.369	15.141	15.921	7.6706	-1.5446	-9.8515	-12.296	-14.635	-6.1652
13.509	-1.783	11.354	15.071	15.942	7.6547	-1.469	-9.8717	-12.207	-14.672	-6.1271
13.512	-1.8072	11.338	15.001	15.964	7.6388	-1.3934	-9.8919	-12.118	-14.708	-6.0891
13.513	-1.8312	11.32	14.931	15.983	7.6235	-1.3182	-9.9083	-12.029	-14.743	-6.0524
13.48	-1.8522	11.267	14.863	15.976	7.6149	-1.2473	-9.874	-11.951	-14.751	-6.0338
13.448	-1.8732	11.214	14.796	15.969	7.6064	-1.1764	-9.8398	-11.872	-14.759	-6.0153
13.416	-1.8942	11.161	14.729	15.962	7.5979	-1.1055	-9.8055	-11.793	-14.767	-5.9967
13.383	-1.9152	11.108	14.662	15.955	7.5894	-1.0346	-9.7713	-11.715	-14.775	-5.9781
13.351	-1.9361	11.055	14.594	15.948	7.5809	-0.96375	-9.737	-11.636	-14.783	-5.9595
13.319	-1.9571	11.003	14.527	15.941	7.5723	-0.89287	-9.7028	-11.557	-14.791	-5.941
13.286	-1.9781	10.95	14.46	15.934	7.5638	-0.82199	-9.6685	-11.478	-14.799	-5.9224
13.254	-1.9991	10.897	14.393	15.927	7.5553	-0.75111	-9.6343	-11.4	-14.807	-5.9038
13.222	-2.02	10.844	14.325	15.92	7.5468	-0.68023	-9.6	-11.321	-14.815	-5.8853
13.19	-2.041	10.791	14.258	15.913	7.5383	-0.60934	-9.5658	-11.242	-14.823	-5.8667
13.157	-2.062	10.738	14.191	15.906	7.5297	-0.53846	-9.5316	-11.163	-14.831	-5.8481
13.125	-2.083	10.685	14.124	15.899	7.5212	-0.46758	-9.4973	-11.085	-14.839	-5.8296
13.093	-2.104	10.632	14.056	15.891	7.5127	-0.3967	-9.4631	-11.006	-14.847	-5.811
13.06	-2.1249	10.579	13.989	15.884	7.5042	-0.32581	-9.4288	-10.927	-14.855	-5.7924
13.028	-2.1459	10.526	13.922	15.877	7.4957	-0.25493	-9.3946	-10.848	-14.863	-5.7739
12.996	-2.1669	10.473	13.855	15.87	7.4871	-0.18405	-9.3603	-10.77	-14.871	-5.7553
12.963	-2.1879	10.42	13.787	15.863	7.4786	-0.11317	-9.3261	-10.691	-14.879	-5.7367
12.931	-2.2089	10.367	13.72	15.856	7.4701	-0.042283	-9.2918	-10.612	-14.887	-5.7182
12.899	-2.2298	10.314	13.653	15.849	7.4616	0.0286	-9.2576	-10.533	-14.895	-5.6996
12.866	-2.2508	10.261	13.586	15.842	7.453	0.099482	-9.2233	-10.455	-14.903	-5.681
12.834	-2.2718	10.208	13.518	15.835	7.4445	0.17036	-9.1891	-10.376	-14.911	-5.6625
12.802	-2.2928	10.155	13.451	15.828	7.436	0.24125	-9.1548	-10.297	-14.919	-5.6439
12.769	-2.3138	10.102	13.384	15.821	7.4275	0.31213	-9.1206	-10.218	-14.927	-5.6253
12.744	-2.3221	10.057	13.306	15.806	7.4099	0.37109	-9.1107	-10.127	-14.919	-5.5838
12.721	-2.328	10.014	13.225	15.789	7.3905	0.42774	-9.1056	-10.033	-14.907	-5.5378
12.697	-2.3339	9.9716	13.145	15.772	7.3711	0.48439	-9.1004	-9.9387	-14.895	-5.4918
12.674	-2.3397	9.9287	13.065	15.755	7.3517	0.54104	-9.0953	-9.8446	-14.883	-5.4458
12.65	-2.3456	9.8858	12.984	15.738	7.3323	0.59768	-9.0901	-9.7506	-14.872	-5.3999
12.627	-2.3515	9.8429	12.904	15.722	7.3129	0.65433	-9.085	-9.6565	-14.86	-5.3539
12.603	-2.3574	9.8	12.824	15.705	7.2935	0.71098	-9.0798	-9.5624	-14.848	-5.3079
12.58	-2.3632	9.7571	12.743	15.688	7.2742	0.76763	-9.0747	-9.4684	-14.836	-5.2619
12.556	-2.3691	9.7142	12.663	15.671	7.2548	0.82427	-9.0696	-9.3743	-14.825	-5.2159
12.533	-2.375	9.6713	12.583	15.654	7.2354	0.88092	-9.0644	-9.2802	-14.813	-5.1699
12.509	-2.3809	9.6284	12.502	15.638	7.216	0.93757	-9.0593	-9.1861	-14.801	-5.1239
12.486	-2.3868	9.5855	12.422	15.621	7.1966	0.99422	-9.0541	-9.0921	-14.789	-5.0779
12.463	-2.3926	9.5426	12.342	15.604	7.1772	1.0509	-9.049	-8.998	-14.778	-5.032
12.439	-2.3985	9.4997	12.261	15.587	7.1578	1.1075	-9.0438	-8.9039	-14.766	-4.986
12.416	-2.4044	9.4568	12.181	15.571	7.1384	1.1642	-9.0387	-8.8099	-14.754	-4.94
12.392	-2.4103	9.4139	12.101	15.554	7.119	1.2208	-9.0335	-8.7158	-14.742	-4.894
12.369	-2.4162	9.371	12.02	15.537	7.0997	1.2775	-9.0284	-8.6217	-14.731	-4.848
12.345	-2.422	9.3281	11.94	15.52	7.0803	1.3341	-9.0233	-8.5276	-14.719	-4.802
12.322	-2.4279	9.2852	11.86	15.503	7.0609	1.3907	-9.0181	-8.4336	-14.707	-4.756
12.298	-2.4338	9.2423	11.779	15.487	7.0415	1.4474	-9.013	-8.3395	-14.695	-4.71
12.275	-2.4397	9.1994	11.699	15.47	7.0221	1.504	-9.0078	-8.2454	-14.684	-4.6641
12.251	-2.4456	9.1565	11.619	15.453	7.0027	1.5607	-9.0027	-8.1514	-14.672	-4.6181
12.228	-2.4514	9.1136	11.538	15.436	6.9833	1.6173	-8.9975	-8.0573	-14.66	-4.5721
12.188	-2.4616	9.0764	11.46	15.392	6.9704	1.6515	-8.9706	-7.9827	-14.605	-4.5406
12.137	-2.4746	9.0428	11.384	15.331	6.9616	1.671	-8.9294	-7.9208	-14.522	-4.5186
12.086	-2.4876	9.0092	11.307	15.269	6.9528	1.6905	-8.8882	-7.8589	-14.439	-4.4966
12.036	-2.5005	8.9757	11.23	15.208	6.944	1.71	-8.847	-7.797	-14.356	-4.4746
11.985	-2.5135	8.9421	11.154	15.146	6.9352	1.7294	-8.8058	-7.7351	-14.273	-4.4526
11.934	-2.5265	8.9085	11.077	15.084	6.9265	1.7489	-8.7646	-7.6731	-14.19	-4.4306
11.883	-2.5395	8.875	11.001	15.023	6.9177	1.7684	-8.7234	-7.6112	-14.107	-4.4085
11.833	-2.5525	8.8414	10.924	14.961	6.9089	1.7879	-8.6822	-7.5493	-14.024	-4.3865
11.782	-2.5654	8.8078	10.848	14.9	6.9001	1.8074	-8.6409	-7.4874	-13.942	-4.3645
11.731	-2.5784	8.7743	10.771	14.838	6.8913	1.8268	-8.5997	-7.4255	-13.859	-4.3425
11.681	-2.5914	8.7407	10.695	14.776	6.8825	1.8463	-8.5585	-7.3636	-13.776	-4.3205
11.63	-2.6044	8.7071	10.618	14.715	6.8738	1.8658	-8.5173	-7.3017	-13.693	-4.2985
11.579	-2.6173	8.6736	10.541	14.653	6.865	1.8853	-8.4761	-7.2398	-13.61	-4.2765
11.528	-2.6303	8.64	10.465	14.592	6.8562	1.9048	-8.4349	-7.1779	-13.527	-4.2545
11.478	-2.6433	8.6065	10.388	14.53	6.8474	1.9243	-8.3937	-7.116	-13.444	-4.2325
11.427	-2.6563	8.5729	10.312	14.469	6.8386	1.9437	-8.3525	-7.0541	-13.361	-4.2105
11.376	-2.6693	8.5393	10.235	14.407	6.8299	1.9632	-8.3113	-6.9922	-13.278	-4.1885
11.326	-2.6822	8.5058	10.159	14.345	6.8211	1.9827	-8.2701	-6.9303	-13.195	-4.1665
11.275	-2.6952	8.4722	10.082	14.284	6.8123	2.0022	-8.2289	-6.8684	-13.112	-4.1445
11.224	-2.7082	8.4386	10.005	14.222	6.8035	2.0217	-8.1877	-6.8065	-13.029	-4.1224
11.173	-2.7212	8.4051	9.9289	14.161	6.7947	2.0411	-8.1465	-6.7445	-12.946	-4.1004
11.123	-2.7342	8.3715	9.8524	14.099	6.786	2.0606	-8.1053	-6.6826	-12.863	-4.0784
11.072	-2.7471	8.3379	9.7758	14.038	6.7772	2.0801	-8.0641	-6.6207	-12.78	-4.0564
11.017	-2.7639	8.298	9.7018	13.977	6.7552	2.1103	-8.0306	-6.5431	-12.713	-4.0245
10.955	-2.787	8.2473	9.6321	13.917	6.7111	2.1584	-8.0103	-6.4388	-12.673	-3.976
10.894	-2.8101	8.1965	9.5623	13.857	6.667	2.2066	-7.99	-6.3345	-12.633	-3.9274
10.832	-2.8333	8.1458	9.4926	13.797	6.6229	2.2547	-7.9697	-6.2302	-12.593	-3.8789
10.77	-2.8564	8.0951	9.4229	13.738	6.5788	2.3029	-7.9493	-6.1259	-12.553	-3.8303
10.708	-2.8795	8.0444	9.3531	13.678	6.5347	2.3511	-7.929	-6.0216	-12.513	-3.7818
10.646	-2.9027	7.9936	9.2834	13.618	6.4906	2.3992	-7.9087	-5.9174	-12.473	-3.7332
10.585	-2.9258	7.9429	9.2137	13.558	6.4465	2.4474	-7.8883	-5.8131	-12.433	-3.6847
10.523	-2.9489	7.8922	9.1439	13.499	6.4024	2.4956	-7.868	-5.7088	-12.392	-3.6361
10.461	-2.9721	7.8414	9.0742	13.439	6.3583	2.5437	-7.8477	-5.6045	-12.352	-3.5876
10.399	-2.9952	7.7907	9.0045	13.379	6.3142	2.5919	-7.8273	-5.5002	-12.312	-3.539
10.337	-3.0183	7.74	8.9347	13.319	6.2701	2.6401	-7.807	-5.396	-12.272	-3.4905
10.275	-3.0414	7.6893	8.865	13.259	6.226	2.6882	-7.7867	-5.2917	-12.232	-3.4419
10.214	-3.0646	7.6385	8.7953	13.2	6.1819	2.7364	-7.7663	-5.1874	-12.192	-3.3934
10.152	-3.0877	7.5878	8.7255	13.14	6.1377	2.7845	-7.746	-5.0831	-12.152	-3.3448
10.09	-3.1108	7.5371	8.6558	13.08	6.0936	2.8327	-7.7257	-4.9788	-12.112	-3.2963
10.028	-3.134	7.4864	8.5861	13.02	6.0495	2.8809	-7.7054	-4.8745	-12.072	-3.2477
9.9664	-3.1571	7.4356	8.5163	12.961	6.0054	2.929	-7.685	-4.7703	-12.032	-3.1992
9.9046	-3.1802	7.3849	8.4466	12.901	5.9613	2.9772	-7.6647	-4.666	-11.992	-3.1506
9.8428	-3.2033	7.3342	8.3769	12.841	5.9172	3.0254	-7.6444	-4.5617	-11.952	-3.1021
9.781	-3.2265	7.2835	8.3071	12.781	5.8731	3.0735	-7.624	-4.4574	-11.912	-3.0535
9.7192	-3.2496	7.2327	8.2374	12.722	5.829	3.1217	-7.6037	-4.3531	-11.872	-3.005
9.6574	-3.2727	7.182	8.1677	12.662	5.7849	3.1698	-7.5834	-4.2489	-11.832	-2.9564
9.593	-3.2961	7.1288	8.0988	12.594	5.7472	3.2111	-7.5535	-4.1573	-11.781	-2.9142
9.513	-3.3207	7.0603	8.0356	12.477	5.7489	3.2101	-7.4648	-4.1439	-11.666	-2.9113
9.4329	-3.3453	6.9917	7.9724	12.36	5.7506	3.209	-7.376	-4.1305	-11.551	-2.9084
9.3529	-3.37	6.9232	7.9091	12.242	5.7523	3.208	-7.2873	-4.1171	-11.436	-2.9055
9.2728	-3.3946	6.8546	7.8459	12.125	5.754	3.2069	-7.1986	-4.1038	-11.321	-2.9025
9.1927	-3.4192	6.7861	7.7827	12.008	5.7557	3.2059	-7.1098	-4.0904	-11.206	-2.8996
9.1127	-3.4438	6.7175	7.7194	11.891	5.7573	3.2048	-7.0211	-4.077	-11.091	-2.8967
9.0326	-3.4685	6.649	7.6562	11.773	5.759	3.2038	-6.9323	-4.0636	-10.976	-2.8937
8.9526	-3.4931	6.5804	7.593	11.656	5.7607	3.2027	-6.8436	-4.0503	-10.861	-2.8908
8.8725	-3.5177	6.5119	7.5297	11.539	5.7624	3.2016	-6.7549	-4.0369	-10.746	-2.8879
8.7924	-3.5423	6.4434	7.4665	11.422	5.7641	3.2006	-6.6661	-4.0235	-10.631	-2.8849
8.7124	-3.567	6.3748	7.4033	11.304	5.7658	3.1995	-6.5774	-4.0101	-10.516	-2.882
8.6323	-3.5916	6.3063	7.34	11.187	5.7675	3.1985	-6.4887	-3.9967	-10.401	-2.8791
8.5523	-3.6162	6.2377	7.2768	11.07	5.7692	3.1974	-6.3999	-3.9834	-10.286	-2.8761
8.4722	-3.6408	6.1692	7.2136	10.953	5.7709	3.1964	-6.3112	-3.97	-10.171	-2.8732
8.3922	-3.6655	6.1006	7.1503	10.835	5.7726	3.1953	-6.2225	-3.9566	-10.056	-2.8703
8.3121	-3.6901	6.0321	7.0871	10.718	5.7743	3.1943	-6.1337	-3.9432	-9.941	-2.8673
8.232	-3.7147	5.9636	7.0239	10.601	5.776	3.1932	-6.045	-3.9299	-9.826	-2.8644
8.152	-3.7393	5.895	6.9606	10.484	5.7777	3.1922	-5.9563	-3.9165	-9.7109	-2.8615
8.0719	-3.764	5.8265	6.8974	10.366	5.7794	3.1911	-5.8675	-3.9031	-9.5959	-2.8585
7.9919	-3.7886	5.7579	6.8342	10.249	5.7811	3.19	-5.7788	-3.8897	-9.4809	-2.8556
7.9118	-3.8132	5.6894	6.7709	10.132	5.7828	3.189	-5.6901	-3.8764	-9.3658	-2.8527
7.8317	-3.8378	5.6208	6.7077	10.015	5.7845	3.1879	-5.6013	-3.863	-9.2508	-2.8498
7.7517	-3.8625	5.5523	6.6445	9.8974	5.7862	3.1869	-5.5126	-3.8496	-9.1358	-2.8468
7.6654	-3.8854	5.488	6.549	9.7837	5.7651	3.1956	-5.4596	-3.7902	-9.0414	-2.8105
7.5784	-3.9081	5.4242	6.4502	9.6704	5.7417	3.2052	-5.4102	-3.7261	-8.9491	-2.7707
7.4914	-3.9308	5.3604	6.3515	9.557	5.7183	3.2149	-5.3609	-3.662	-8.8569	-2.7309
7.4044	-3.9535	5.2966	6.2527	9.4437	5.6949	3.2246	-5.3115	-3.5979	-8.7646	-2.6912
7.3174	-3.9762	5.2327	6.154	9.3304	5.6715	3.2343	-5.2621	-3.5338	-8.6723	-2.6514
7.2305	-3.9989	5.1689	6.0552	9.217	5.6481	3.244	-5.2128	-3.4697	-8.58	-2.6116
7.1435	-4.0216	5.1051	5.9564	9.1037	5.6247	3.2536	-5.1634	-3.4056	-8.4878	-2.5718
7.0565	-4.0444	5.0413	5.8577	8.9904	5.6013	3.2633	-5.1141	-3.3415	-8.3955	-2.5321
6.9695	-4.0671	4.9774	5.7589	8.877	5.5779	3.273	-5.0647	-3.2774	-8.3032	-2.4923
6.8825	-4.0898	4.9136	5.6601	8.7637	5.5545	3.2827	-5.0153	-3.2133	-8.2109	-2.4525
6.7956	-4.1125	4.8498	5.5614	8.6503	5.5311	3.2923	-4.966	-3.1492	-8.1187	-2.4127
6.7086	-4.1352	4.786	5.4626	8.537	5.5077	3.302	-4.9166	-3.0851	-8.0264	-2.373
6.6216	-4.1579	4.7222	5.3638	8.4237	5.4843	3.3117	-4.8673	-3.021	-7.9341	-2.3332
6.5346	-4.1806	4.6583	5.2651	8.3103	5.4609	3.3214	-4.8179	-2.9569	-7.8419	-2.2934
6.4476	-4.2034	4.5945	5.1663	8.197	5.4375	3.3311	-4.7685	-2.8928	-7.7496	-2.2536
6.3607	-4.2261	4.5307	5.0675	8.0837	5.4141	3.3407	-4.7192	-2.8287	-7.6573	-2.2139
6.2737	-4.2488	4.4669	4.9688	7.9703	5.3907	3.3504	-4.6698	-2.7646	-7.565	-2.1741
6.1867	-4.2715	4.403	4.87	7.857	5.3673	3.3601	-4.6205	-2.7005	-7.4728	-2.1343
6.0997	-4.2942	4.3392	4.7713	7.7437	5.3439	3.3698	-4.5711	-2.6364	-7.3805	-2.0945
6.0127	-4.3169	4.2754	4.6725	7.6303	5.3205	3.3795	-4.5217	-2.5723	-7.2882	-2.0548
5.9258	-4.3396	4.2116	4.5737	7.517	5.2971	3.3891	-4.4724	-2.5082	-7.1959	-2.015
5.8388	-4.3624	4.1477	4.475	7.4036	5.2737	3.3988	-4.423	-2.4441	-7.1037	-1.9752
5.7518	-4.3851	4.0839	4.3762	7.2903	5.2503	3.4085	-4.3737	-2.38	-7.0114	-1.9354
5.6381	-4.411	4.0062	4.2702	7.1722	5.2026	3.4229	-4.2886	-2.3179	-6.914	-1.9166
5.5114	-4.4385	3.9218	4.1607	7.0518	5.143	3.4396	-4.1864	-2.2567	-6.8141	-1.9079
5.3847	-4.466	3.8373	4.0512	6.9314	5.0835	3.4563	-4.0842	-2.1955	-6.7142	-1.8991
5.2581	-4.4936	3.7529	3.9417	6.811	5.0239	3.473	-3.9819	-2.1343	-6.6142	-1.8904
5.1314	-4.5211	3.6685	3.8321	6.6906	4.9644	3.4897	-3.8797	-2.0732	-6.5143	-1.8816
5.0047	-4.5486	3.584	3.7226	6.5702	4.9048	3.5064	-3.7775	-2.012	-6.4144	-1.8729
4.878	-4.5761	3.4996	3.6131	6.4498	4.8453	3.5231	-3.6752	-1.9508	-6.3145	-1.8641
4.7514	-4.6036	3.4152	3.5036	6.3294	4.7858	3.5398	-3.573	-1.8896	-6.2146	-1.8554
4.6247	-4.6311	3.3307	3.3941	6.209	4.7262	3.5565	-3.4707	-1.8285	-6.1147	-1.8466
4.498	-4.6586	3.2463	3.2846	6.0886	4.6667	3.5732	-3.3685	-1.7673	-6.0148	-1.8379
4.3714	-4.6862	3.1619	3.1751	5.9682	4.6071	3.5899	-3.2663	-1.7061	-5.9149	-1.8292
4.2447	-4.7137	3.0774	3.0656	5.8478	4.5476	3.6066	-3.164	-1.6449	-5.8149	-1.8204
4.118	-4.7412	2.993	2.9561	5.7274	4.488	3.6233	-3.0618	-1.5838	-5.715	-1.8117
3.9914	-4.7687	2.9086	2.8466	5.607	4.4285	3.64	-2.9595	-1.5226	-5.6151	-1.8029
3.8647	-4.7962	2.8241	2.7371	5.4866	4.3689	3.6567	-2.8573	-1.4614	-5.5152	-1.7942
3.738	-4.8237	2.7397	2.6275	5.3662	4.3094	3.6734	-2.7551	-1.4002	-5.4153	-1.7854
3.6114	-4.8512	2.6553	2.518	5.2458	4.2499	3.6901	-2.6528	-1.339	-5.3154	-1.7767
3.4847	-4.8788	2.5708	2.4085	5.1254	4.1903	3.7068	-2.5506	-1.2779	-5.2155	-1.7679
3.358	-4.9063	2.4864	2.299	5.005	4.1308	3.7235	-2.4484	-1.2167	-5.1156	-1.7592
3.2313	-4.9338	2.402	2.1895	4.8846	4.0712	3.7402	-2.3461	-1.1555	-5.0157	-1.7505
3.1047	-4.9613	2.3175	2.08	4.7642	4.0117	3.7569	-2.2439	-1.0943	-4.9157	-1.7417
2.978	-4.9888	2.2331	1.9705	4.6438	3.9521	3.7736	-2.1416	-1.0332	-4.8158	-1.733
2.8513	-5.0163	2.1487	1.861	4.5234	3.8926	3.7903	-2.0394	-0.97199	-4.7159	-1.7242
2.7274	-5.0241	2.0439	1.7702	4.3916	3.8472	3.8101	-1.9375	-0.91244	-4.6242	-1.7225
2.6069	-5.0069	1.9135	1.703	4.2456	3.8196	3.8337	-1.836	-0.85492	-4.5428	-1.7298
2.4865	-4.9897	1.7832	1.6358	4.0995	3.7921	3.8573	-1.7346	-0.79741	-4.4615	-1.737
2.366	-4.9725	1.6528	1.5686	3.9535	3.7645	3.8809	-1.6331	-0.73989	-4.3801	-1.7442
2.2455	-4.9553	1.5224	1.5014	3.8075	3.737	3.9045	-1.5316	-0.68238	-4.2987	-1.7514
2.125	-4.9381	1.392	1.4342	3.6614	3.7094	3.9281	-1.4302	-0.62487	-4.2174	-1.7587
2.0046	-4.921	1.2617	1.367	3.5154	3.6819	3.9517	-1.3287	-0.56735	-4.136	-1.7659
1.8841	-4.9038	1.1313	1.2998	3.3693	3.6543	3.9753	-1.2273	-0.50984	-4.0546	-1.7731
1.7636	-4.8866	1.0009	1.2326	3.2233	3.6268	3.999	-1.1258	-0.45232	-3.9733	-1.7803
1.6431	-4.8694	0.87055	1.1654	3.0773	3.5992	4.0226	-1.0243	-0.39481	-3.8919	-1.7876
1.5227	-4.8522	0.74017	1.0982	2.9312	3.5717	4.0462	-0.92286	-0.33729	-3.8105	-1.7948
1.4022	-4.835	0.6098	1.031	2.7852	3.5441	4.0698	-0.8214	-0.27978	-3.7291	-1.802
1.2817	-4.8178	0.47942	0.96378	2.6391	3.5166	4.0934	-0.71993	-0.22227	-3.6478	-1.8092
1.1613	-4.8006	0.34905	0.89658	2.4931	3.489	4.117	-0.61847	-0.16475	-3.5664	-1.8165
1.0408	-4.7834	0.21867	0.82938	2.347	3.4615	4.1406	-0.517	-0.10724	-3.485	-1.8237
0.92031	-4.7662	0.088298	0.76218	2.201	3.4339	4.1642	-0.41554	-0.049723	-3.4037	-1.8309
0.79983	-4.7491	-0.042077	0.69498	2.055	3.4064	4.1878	-0.31408	0.007791	-3.3223	-1.8381
0.67936	-4.7319	-0.17245	0.62778	1.9089	3.3788	4.2115	-0.21261	0.065305	-3.2409	-1.8454
0.55889	-4.7147	-0.30283	0.56058	1.7629	3.3513	4.2351	-0.11115	0.12282	-3.1596	-1.8526
0.43841	-4.6975	-0.4332	0.49339	1.6168	3.3237	4.2587	-0.0096819	0.18033	-3.0782	-1.8598
0.31794	-4.6803	-0.56358	0.42619	1.4708	3.2962	4.2823	0.091783	0.23785	-2.9968	-1.867
0.19747	-4.6631	-0.69395	0.35899	1.3248	3.2686	4.3059	0.19325	0.29536	-2.9155	-1.8743
0.076995	-4.6459	-0.82433	0.29179	1.1787	3.2411	4.3295	0.29471	0.35288	-2.8341	-1.8815
-0.044233	-4.6343	-0.94491	0.22205	1.0372	3.215	4.3447	0.39866	0.40538	-2.7428	-1.8862
-0.16831	-4.6439	-1.0285	0.14269	0.91265	3.1943	4.3281	0.512	0.43893	-2.6141	-1.8816
-0.29239	-4.6535	-1.1121	0.063331	0.78813	3.1736	4.3115	0.62535	0.47248	-2.4854	-1.877
-0.41647	-4.6631	-1.1956	-0.016026	0.66361	3.1529	4.2949	0.73869	0.50603	-2.3567	-1.8724
-0.54055	-4.6727	-1.2792	-0.095384	0.53909	3.1322	4.2784	0.85203	0.53959	-2.228	-1.8678
-0.66463	-4.6823	-1.3628	-0.17474	0.41457	3.1115	4.2618	0.96537	0.57314	-2.0993	-1.8631
-0.78871	-4.6919	-1.4464	-0.2541	0.29005	3.0908	4.2452	1.0787	0.60669	-1.9706	-1.8585
-0.91279	-4.7015	-1.53	-0.33346	0.16553	3.0701	4.2286	1.1921	0.64024	-1.8419	-1.8539
-1.0369	-4.7111	-1.6135	-0.41281	0.041011	3.0494	4.212	1.3054	0.6738	-1.7132	-1.8493
-1.161	-4.7207	-1.6971	-0.49217	-0.08351	3.0287	4.1954	1.4187	0.70735	-1.5845	-1.8447
-1.285	-4.7303	-1.7807	-0.57153	-0.20803	3.008	4.1789	1.5321	0.7409	-1.4558	-1.84
-1.4091	-4.7399	-1.8643	-0.65089	-0.33255	2.9873	4.1623	1.6454	0.77445	-1.3271	-1.8354
-1.5332	-4.7495	-1.9478	-0.73024	-0.45707	2.9666	4.1457	1.7588	0.80801	-1.1984	-1.8308
-1.6573	-4.7591	-2.0314	-0.8096	-0.58159	2.9459	4.1291	1.8721	0.84156	-1.0697	-1.8262
-1.7814	-4.7687	-2.115	-0.88896	-0.70611	2.9252	4.1125	1.9854	0.87511	-0.94104	-1.8216
-1.9054	-4.7783	-2.1986	-0.96832	-0.83063	2.9045	4.0959	2.0988	0.90866	-0.81234	-1.8169
-2.0295	-4.7879	-2.2822	-1.0477	-0.95515	2.8838	4.0793	2.2121	0.94222	-0.68365	-1.8123
-2.1536	-4.7975	-2.3657	-1.127	-1.0797	2.8631	4.0628	2.3255	0.97577	-0.55495	-1.8077
-2.2777	-4.8071	-2.4493	-1.2064	-1.2042	2.8424	4.0462	2.4388	1.0093	-0.42625	-1.8031
-2.4018	-4.8167	-2.5329	-1.2857	-1.3287	2.8217	4.0296	2.5522	1.0429	-0.29755	-1.7985
-2.5258	-4.8263	-2.6165	-1.3651	-1.4532	2.801	4.013	2.6655	1.0764	-0.16885	-1.7938
-2.6499	-4.8359	-2.7	-1.4445	-1.5778	2.7803	3.9964	2.7788	1.11	-0.040154	-1.7892
-2.774	-4.8455	-2.7836	-1.5238	-1.7023	2.7596	3.9798	2.8922	1.1435	0.088545	-1.7846
-2.8981	-4.8551	-2.8672	-1.6032	-1.8268	2.7389	3.9633	3.0055	1.1771	0.21724	-1.78
-3.024	-4.8449	-2.9384	-1.6815	-1.9207	2.6583	3.9801	3.0823	1.2689	0.26935	-1.7626
-3.1499	-4.8343	-3.0094	-1.7598	-2.0139	2.5762	3.9978	3.1583	1.3622	0.31963	-1.745
-3.2758	-4.8237	-3.0803	-1.8381	-2.1072	2.4942	4.0155	3.2342	1.4554	0.36991	-1.7274
-3.4017	-4.813	-3.1512	-1.9164	-2.2004	2.4121	4.0332	3.3102	1.5486	0.42019	-1.7098
-3.5277	-4.8024	-3.2222	-1.9947	-2.2936	2.33	4.0509	3.3861	1.6418	0.47047	-1.6921
-3.6536	-4.7918	-3.2931	-2.073	-2.3868	2.248	4.0686	3.462	1.7351	0.52075	-1.6745
-3.7795	-4.7811	-3.364	-2.1513	-2.48	2.1659	4.0862	3.538	1.8283	0.57103	-1.6569
-3.9055	-4.7705	-3.435	-2.2296	-2.5732	2.0839	4.1039	3.6139	1.9215	0.62131	-1.6392
-4.0314	-4.7599	-3.5059	-2.3079	-2.6664	2.0018	4.1216	3.6899	2.0148	0.67159	-1.6216
-4.1573	-4.7492	-3.5768	-2.3862	-2.7596	1.9197	4.1393	3.7658	2.108	0.72187	-1.604
-4.2833	-4.7386	-3.6478	-2.4645	-2.8528	1.8377	4.157	3.8417	2.2012	0.77215	-1.5863
-4.4092	-4.728	-3.7187	-2.5428	-2.9461	1.7556	4.1747	3.9177	2.2944	0.82243	-1.5687
-4.5351	-4.7173	-3.7897	-2.6211	-3.0393	1.6735	4.1923	3.9936	2.3877	0.87271	-1.5511
-4.661	-4.7067	-3.8606	-2.6993	-3.1325	1.5915	4.21	4.0696	2.4809	0.92299	-1.5334
-4.787	-4.6961	-3.9315	-2.7776	-3.2257	1.5094	4.2277	4.1455	2.5741	0.97327	-1.5158
-4.9129	-4.6854	-4.0025	-2.8559	-3.3189	1.4274	4.2454	4.2215	2.6674	1.0235	-1.4982
-5.0388	-4.6748	-4.0734	-2.9342	-3.4121	1.3453	4.2631	4.2974	2.7606	1.0738	-1.4805
-5.1648	-4.6642	-4.1443	-3.0125	-3.5053	1.2632	4.2808	4.3733	2.8538	1.1241	-1.4629
-5.2907	-4.6535	-4.2153	-3.0908	-3.5985	1.1812	4.2984	4.4493	2.947	1.1744	-1.4453
-5.4166	-4.6429	-4.2862	-3.1691	-3.6917	1.0991	4.3161	4.5252	3.0403	1.2247	-1.4276
-5.5425	-4.6323	-4.3571	-3.2474	-3.785	1.017	4.3338	4.6012	3.1335	1.2749	-1.41
-5.6685	-4.6217	-4.4281	-3.3257	-3.8782	0.93497	4.3515	4.6771	3.2267	1.3252	-1.3924
-5.7944	-4.611	-4.499	-3.404	-3.9714	0.85291	4.3692	4.7531	3.32	1.3755	-1.3748
-5.8864	-4.5727	-4.5728	-3.4692	-4.0934	0.78787	4.3503	4.8575	3.3919	1.4912	-1.3971
-5.9668	-4.5249	-4.6475	-3.5298	-4.2252	0.72868	4.3188	4.9718	3.4564	1.6294	-1.4331
-6.0472	-4.4771	-4.7222	-3.5905	-4.3571	0.66949	4.2873	5.086	3.521	1.7675	-1.4691
-6.1275	-4.4293	-4.7969	-3.6511	-4.489	0.6103	4.2558	5.2003	3.5856	1.9057	-1.5052
-6.2079	-4.3815	-4.8716	-3.7117	-4.6208	0.55111	4.2243	5.3145	3.6502	2.0438	-1.5412
-6.2883	-4.3337	-4.9463	-3.7724	-4.7527	0.49192	4.1928	5.4288	3.7148	2.182	-1.5773
-6.3686	-4.2859	-5.021	-3.833	-4.8846	0.43273	4.1613	5.543	3.7793	2.3202	-1.6133
-6.449	-4.2381	-5.0957	-3.8937	-5.0164	0.37354	4.1298	5.6573	3.8439	2.4583	-1.6493
-6.5294	-4.1903	-5.1704	-3.9543	-5.1483	0.31435	4.0983	5.7715	3.9085	2.5965	-1.6854
-6.6097	-4.1425	-5.2451	-4.015	-5.2802	0.25516	4.0669	5.8858	3.9731	2.7347	-1.7214
-6.6901	-4.0946	-5.3199	-4.0756	-5.412	0.19597	4.0354	6	4.0377	2.8728	-1.7575
-6.7705	-4.0468	-5.3946	-4.1363	-5.5439	0.13678	4.0039	6.1143	4.1022	3.011	-1.7935
-6.8508	-3.999	-5.4693	-4.1969	-5.6758	0.077595	3.9724	6.2285	4.1668	3.1491	-1.8296
-6.9312	-3.9512	-5.544	-4.2575	-5.8076	0.018405	3.9409	6.3428	4.2314	3.2873	-1.8656
-7.0116	-3.9034	-5.6187	-4.3182	-5.9395	-0.040785	3.9094	6.457	4.296	3.4255	-1.9016
-7.0919	-3.8556	-5.6934	-4.3788	-6.0714	-0.099974	3.8779	6.5713	4.3606	3.5636	-1.9377
-7.1723	-3.8078	-5.7681	-4.4395	-6.2033	-0.15916	3.8464	6.6855	4.4251	3.7018	-1.9737
-7.2527	-3.76	-5.8428	-4.5001	-6.3351	-0.21835	3.8149	6.7998	4.4897	3.84	-2.0098
-7.333	-3.7122	-5.9175	-4.5608	-6.467	-0.27754	3.7835	6.914	4.5543	3.9781	-2.0458
-7.4134	-3.6644	-5.9922	-4.6214	-6.5989	-0.33673	3.752	7.0283	4.6189	4.1163	-2.0818
-7.4938	-3.6166	-6.067	-4.682	-6.7307	-0.39592	3.7205	7.1425	4.6835	4.2545	-2.1179
-7.5741	-3.5688	-6.1417	-4.7427	-6.8626	-0.45511	3.689	7.2568	4.748	4.3926	-2.1539
-7.6545	-3.521	-6.2164	-4.8033	-6.9945	-0.5143	3.6575	7.371	4.8126	4.5308	-2.19
-7.7333	-3.4793	-6.2793	-4.8711	-7.1221	-0.57052	3.6404	7.4612	4.8892	4.647	-2.2059
-7.8106	-3.4437	-6.331	-4.9455	-7.2458	-0.6239	3.637	7.5283	4.9773	4.7424	-2.2027
-7.8879	-3.408	-6.3827	-5.02	-7.3695	-0.67728	3.6337	7.5955	5.0653	4.8377	-2.1995
-7.9653	-3.3723	-6.4344	-5.0945	-7.4932	-0.73066	3.6303	7.6627	5.1534	4.9331	-2.1963
-8.0426	-3.3366	-6.4861	-5.169	-7.6168	-0.78404	3.6269	7.7299	5.2414	5.0284	-2.1931
-8.1199	-3.3009	-6.5378	-5.2435	-7.7405	-0.83742	3.6236	7.797	5.3295	5.1238	-2.1899
-8.1972	-3.2652	-6.5895	-5.3179	-7.8642	-0.8908	3.6202	7.8642	5.4175	5.2191	-2.1867
-8.2745	-3.2295	-6.6412	-5.3924	-7.9879	-0.94418	3.6168	7.9314	5.5056	5.3144	-2.1835
-8.3518	-3.1938	-6.6929	-5.4669	-8.1116	-0.99756	3.6135	7.9986	5.5936	5.4098	-2.1803
-8.4291	-3.1581	-6.7446	-5.5414	-8.2352	-1.0509	3.6101	8.0657	5.6817	5.5051	-2.1771
-8.5065	-3.1224	-6.7963	-5.6159	-8.3589	-1.1043	3.6067	8.1329	5.7697	5.6005	-2.1738
-8.5838	-3.0867	-6.8479	-5.6904	-8.4826	-1.1577	3.6034	8.2001	5.8578	5.6958	-2.1706
-8.6611	-3.051	-6.8996	-5.7648	-8.6063	-1.2111	3.6	8.2673	5.9458	5.7912	-2.1674
-8.7384	-3.0153	-6.9513	-5.8393	-8.7299	-1.2645	3.5966	8.3344	6.0339	5.8865	-2.1642
-8.8157	-2.9796	-7.003	-5.9138	-8.8536	-1.3178	3.5933	8.4016	6.1219	5.9819	-2.161
-8.893	-2.944	-7.0547	-5.9883	-8.9773	-1.3712	3.5899	8.4688	6.21	6.0772	-2.1578
-8.9703	-2.9083	-7.1064	-6.0628	-9.101	-1.4246	3.5865	8.5359	6.298	6.1726	-2.1546
-9.0477	-2.8726	-7.1581	-6.1373	-9.2246	-1.478	3.5832	8.6031	6.3861	6.2679	-2.1514
-9.125	-2.8369	-7.2098	-6.2117	-9.3483	-1.5314	3.5798	8.6703	6.4741	6.3632	-2.1482
-9.2023	-2.8012	-7.2615	-6.2862	-9.472	-1.5847	3.5764	8.7375	6.5622	6.4586	-2.145
-9.2796	-2.7655	-7.3132	-6.3607	-9.5957	-1.6381	3.5731	8.8046	6.6502	6.5539	-2.1418
-9.3569	-2.7298	-7.3649	-6.4352	-9.7194	-1.6915	3.5697	8.8718	6.7383	6.6493	-2.1386
-9.4342	-2.6941	-7.4166	-6.5097	-9.843	-1.7449	3.5663	8.939	6.8263	6.7446	-2.1354
-9.5075	-2.6729	-7.4592	-6.5642	-9.9718	-1.8103	3.5581	9.0079	6.9208	6.8455	-2.1309
-9.5705	-2.6892	-7.4784	-6.5674	-10.114	-1.9069	3.5372	9.0814	7.032	6.9606	-2.1233
-9.6334	-2.7056	-7.4976	-6.5705	-10.256	-2.0034	3.5163	9.1549	7.1432	7.0758	-2.1157
-9.6963	-2.7219	-7.5169	-6.5736	-10.397	-2.0999	3.4954	9.2283	7.2544	7.1909	-2.1081
-9.7593	-2.7382	-7.5361	-6.5767	-10.539	-2.1965	3.4746	9.3018	7.3656	7.306	-2.1005
-9.8222	-2.7545	-7.5553	-6.5799	-10.681	-2.293	3.4537	9.3753	7.4767	7.4212	-2.0929
-9.8851	-2.7709	-7.5745	-6.583	-10.823	-2.3896	3.4328	9.4487	7.5879	7.5363	-2.0853
-9.9481	-2.7872	-7.5937	-6.5861	-10.965	-2.4861	3.4119	9.5222	7.6991	7.6514	-2.0777
-10.011	-2.8035	-7.6129	-6.5892	-11.107	-2.5826	3.391	9.5957	7.8103	7.7665	-2.0701
-10.074	-2.8198	-7.6321	-6.5924	-11.249	-2.6792	3.3702	9.6691	7.9215	7.8817	-2.0625
-10.137	-2.8362	-7.6514	-6.5955	-11.391	-2.7757	3.3493	9.7426	8.0327	7.9968	-2.0549
-10.2	-2.8525	-7.6706	-6.5986	-11.532	-2.8723	3.3284	9.8161	8.1439	8.1119	-2.0473
-10.263	-2.8688	-7.6898	-6.6017	-11.674	-2.9688	3.3075	9.8895	8.255	8.2271	-2.0397
-10.326	-2.8851	-7.709	-6.6049	-11.816	-3.0653	3.2866	9.963	8.3662	8.3422	-2.0321
-10.389	-2.9014	-7.7282	-6.608	-11.958	-3.1619	3.2658	10.036	8.4774	8.4573	-2.0245
-10.452	-2.9178	-7.7474	-6.6111	-12.1	-3.2584	3.2449	10.11	8.5886	8.5725	-2.0168
-10.514	-2.9341	-7.7666	-6.6142	-12.242	-3.355	3.224	10.183	8.6998	8.6876	-2.0092
-10.577	-2.9504	-7.7859	-6.6174	-12.384	-3.4515	3.2031	10.257	8.811	8.8027	-2.0016
-10.64	-2.9667	-7.8051	-6.6205	-12.526	-3.5481	3.1822	10.33	8.9222	8.9179	-1.994
-10.703	-2.9831	-7.8243	-6.6236	-12.668	-3.6446	3.1614	10.404	9.0333	9.033	-1.9864
-10.766	-2.9994	-7.8435	-6.6268	-12.809	-3.7411	3.1405	10.477	9.1445	9.1481	-1.9788
-10.829	-3.0157	-7.8627	-6.6299	-12.951	-3.8377	3.1196	10.551	9.2557	9.2633	-1.9712
-10.892	-3.032	-7.8819	-6.633	-13.093	-3.9342	3.0987	10.624	9.3669	9.3784	-1.9636
-10.954	-3.0471	-7.9025	-6.6351	-13.236	-4.0291	3.0775	10.699	9.4764	9.4942	-1.957
-11.003	-3.0359	-7.9517	-6.6158	-13.393	-4.0889	3.049	10.8	9.5513	9.6234	-1.9713
-11.052	-3.0247	-8.0009	-6.5965	-13.551	-4.1487	3.0205	10.902	9.6262	9.7526	-1.9856
-11.101	-3.0135	-8.0502	-6.5773	-13.708	-4.2085	2.9919	11.003	9.7011	9.8818	-1.9999
-11.149	-3.0023	-8.0994	-6.558	-13.866	-4.2683	2.9634	11.105	9.776	10.011	-2.0141
-11.198	-2.9912	-8.1486	-6.5387	-14.023	-4.3281	2.9349	11.206	9.8509	10.14	-2.0284
-11.247	-2.98	-8.1978	-6.5195	-14.181	-4.3879	2.9064	11.308	9.9258	10.269	-2.0427
-11.296	-2.9688	-8.247	-6.5002	-14.338	-4.4477	2.8779	11.409	10.001	10.399	-2.057
-11.344	-2.9576	-8.2962	-6.4809	-14.496	-4.5076	2.8494	11.511	10.076	10.528	-2.0712
-11.393	-2.9464	-8.3454	-6.4617	-14.653	-4.5674	2.8208	11.612	10.151	10.657	-2.0855
-11.442	-2.9352	-8.3946	-6.4424	-14.81	-4.6272	2.7923	11.714	10.225	10.786	-2.0998
-11.491	-2.9241	-8.4438	-6.4231	-14.968	-4.687	2.7638	11.815	10.3	10.916	-2.1141
-11.539	-2.9129	-8.493	-6.4039	-15.125	-4.7468	2.7353	11.917	10.375	11.045	-2.1283
-11.588	-2.9017	-8.5422	-6.3846	-15.283	-4.8066	2.7068	12.018	10.45	11.174	-2.1426
-11.637	-2.8905	-8.5914	-6.3653	-15.44	-4.8664	2.6782	12.12	10.525	11.303	-2.1569
-11.686	-2.8793	-8.6406	-6.3461	-15.598	-4.9263	2.6497	12.221	10.6	11.432	-2.1712
-11.734	-2.8681	-8.6898	-6.3268	-15.755	-4.9861	2.6212	12.323	10.675	11.562	-2.1854
-11.783	-2.857	-8.739	-6.3075	-15.913	-5.0459	2.5927	12.424	10.75	11.691	-2.1997
-11.832	-2.8458	-8.7882	-6.2883	-16.07	-5.1057	2.5642	12.526	10.825	11.82	-2.214
-11.881	-2.8346	-8.8374	-6.269	-16.228	-5.1655	2.5357	12.627	10.9	11.949	-2.2283
-11.929	-2.8234	-8.8866	-6.2497	-16.385	-5.2253	2.5071	12.729	10.975	12.079	-2.2425
-11.978	-2.8122	-8.9358	-6.2304	-16.543	-5.2851	2.4786	12.83	11.049	12.208	-2.2568
-12.027	-2.801	-8.985	-6.2112	-16.7	-5.345	2.4501	12.931	11.124	12.337	-2.2711
-12.076	-2.7899	-9.0342	-6.1919	-16.858	-5.4048	2.4216	13.033	11.199	12.466	-2.2854
-12.133	-2.7613	-9.0822	-6.2571	-16.955	-5.4358	2.4184	13.106	11.288	12.566	-2.2725
-12.193	-2.7288	-9.13	-6.3415	-17.038	-5.4602	2.421	13.173	11.38	12.66	-2.2534
-12.253	-2.6963	-9.1777	-6.426	-17.121	-5.4846	2.4237	13.239	11.471	12.753	-2.2343
-12.312	-2.6638	-9.2254	-6.5105	-17.204	-5.509	2.4263	13.306	11.563	12.847	-2.2152
-12.372	-2.6314	-9.2732	-6.5949	-17.287	-5.5334	2.4289	13.373	11.655	12.941	-2.1961
-12.432	-2.5989	-9.3209	-6.6794	-17.37	-5.5578	2.4315	13.439	11.747	13.034	-2.1769
-12.491	-2.5664	-9.3687	-6.7639	-17.453	-5.5822	2.4341	13.506	11.838	13.128	-2.1578
-12.551	-2.5339	-9.4164	-6.8483	-17.536	-5.6066	2.4368	13.573	11.93	13.221	-2.1387
-12.611	-2.5014	-9.4641	-6.9328	-17.62	-5.631	2.4394	13.639	12.022	13.315	-2.1196
-12.67	-2.4689	-9.5119	-7.0173	-17.703	-5.6554	2.442	13.706	12.114	13.408	-2.1005
-12.73	-2.4364	-9.5596	-7.1017	-17.786	-5.6798	2.4446	13.773	12.206	13.502	-2.0814
-12.79	-2.4039	-9.6074	-7.1862	-17.869	-5.7042	2.4472	13.839	12.297	13.595	-2.0623
-12.849	-2.3714	-9.6551	-7.2707	-17.952	-5.7286	2.4499	13.906	12.389	13.689	-2.0432
-12.909	-2.3389	-9.7029	-7.3551	-18.035	-5.753	2.4525	13.973	12.481	13.783	-2.0241
-12.969	-2.3064	-9.7506	-7.4396	-18.118	-5.7774	2.4551	14.039	12.573	13.876	-2.005
-13.028	-2.2739	-9.7983	-7.5241	-18.201	-5.8018	2.4577	14.106	12.664	13.97	-1.9859
-13.088	-2.2414	-9.8461	-7.6085	-18.285	-5.8262	2.4603	14.173	12.756	14.063	-1.9668
-13.148	-2.209	-9.8938	-7.693	-18.368	-5.8506	2.463	14.239	12.848	14.157	-1.9477
-13.207	-2.1765	-9.9416	-7.7775	-18.451	-5.875	2.4656	14.306	12.94	14.25	-1.9286
-13.267	-2.144	-9.9893	-7.8619	-18.534	-5.8994	2.4682	14.373	13.031	14.344	-1.9095
-13.327	-2.1115	-10.037	-7.9464	-18.617	-5.9238	2.4708	14.439	13.123	14.437	-1.8904
-13.386	-2.079	-10.085	-8.0309	-18.7	-5.9482	2.4734	14.506	13.215	14.531	-1.8713
-13.446	-2.0465	-10.133	-8.1153	-18.783	-5.9726	2.4761	14.572	13.307	14.624	-1.8522
-13.509	-2.0329	-10.189	-8.1376	-18.851	-6.002	2.4838	14.631	13.381	14.692	-1.8295
-13.575	-2.0328	-10.253	-8.115	-18.908	-6.035	2.4953	14.685	13.443	14.74	-1.8041
-13.641	-2.0328	-10.317	-8.0925	-18.965	-6.0681	2.5067	14.738	13.505	14.788	-1.7787
-13.707	-2.0328	-10.38	-8.07	-19.022	-6.1011	2.5182	14.791	13.567	14.836	-1.7533
-13.772	-2.0327	-10.444	-8.0474	-19.079	-6.1341	2.5296	14.844	13.628	14.884	-1.7279
-13.838	-2.0327	-10.507	-8.0249	-19.135	-6.1672	2.5411	14.898	13.69	14.932	-1.7026
-13.904	-2.0327	-10.571	-8.0024	-19.192	-6.2002	2.5526	14.951	13.752	14.98	-1.6772
-13.97	-2.0326	-10.634	-7.9798	-19.249	-6.2332	2.564	15.004	13.814	15.028	-1.6518
-14.035	-2.0326	-10.698	-7.9573	-19.306	-6.2663	2.5755	15.057	13.876	15.076	-1.6264
-14.101	-2.0326	-10.762	-7.9348	-19.363	-6.2993	2.5869	15.111	13.937	15.124	-1.601
-14.167	-2.0325	-10.825	-7.9122	-19.42	-6.3324	2.5984	15.164	13.999	15.172	-1.5757
-14.233	-2.0325	-10.889	-7.8897	-19.476	-6.3654	2.6098	15.217	14.061	15.22	-1.5503
-14.299	-2.0325	-10.952	-7.8671	-19.533	-6.3984	2.6213	15.27	14.123	15.268	-1.5249
-14.364	-2.0324	-11.016	-7.8446	-19.59	-6.4315	2.6328	15.324	14.185	15.316	-1.4995
-14.43	-2.0324	-11.08	-7.8221	-19.647	-6.4645	2.6442	15.377	14.247	15.364	-1.4741
-14.496	-2.0324	-11.143	-7.7995	-19.704	-6.4975	2.6557	15.43	14.308	15.412	-1.4488
-14.562	-2.0323	-11.207	-7.777	-19.761	-6.5306	2.6671	15.483	14.37	15.46	-1.4234
-14.628	-2.0323	-11.27	-7.7545	-19.817	-6.5636	2.6786	15.536	14.432	15.508	-1.398
-14.693	-2.0323	-11.334	-7.7319	-19.874	-6.5967	2.69	15.59	14.494	15.556	-1.3726
-14.759	-2.0322	-11.397	-7.7094	-19.931	-6.6297	2.7015	15.643	14.556	15.604	-1.3472
-14.825	-2.0322	-11.461	-7.6868	-19.988	-6.6627	2.713	15.696	14.617	15.652	-1.3219
-14.891	-2.0322	-11.525	-7.6643	-20.045	-6.6958	2.7244	15.749	14.679	15.7	-1.2965
-14.956	-2.0321	-11.588	-7.6418	-20.102	-6.7288	2.7359	15.803	14.741	15.749	-1.2711
-15.012	-2.0312	-11.643	-7.6161	-20.144	-6.7611	2.7586	15.844	14.795	15.777	-1.241
-15.048	-2.0285	-11.682	-7.5846	-20.158	-6.7921	2.8025	15.861	14.836	15.77	-1.2023
-15.085	-2.0259	-11.721	-7.5531	-20.173	-6.823	2.8463	15.879	14.876	15.762	-1.1635
-15.121	-2.0232	-11.76	-7.5216	-20.187	-6.8539	2.8901	15.897	14.917	15.755	-1.1247
-15.157	-2.0205	-11.799	-7.4901	-20.202	-6.8849	2.934	15.915	14.957	15.748	-1.0859
-15.194	-2.0179	-11.837	-7.4586	-20.216	-6.9158	2.9778	15.933	14.998	15.74	-1.0471
-15.23	-2.0152	-11.876	-7.4271	-20.231	-6.9468	3.0217	15.95	15.038	15.733	-1.0084
-15.266	-2.0125	-11.915	-7.3956	-20.245	-6.9777	3.0655	15.968	15.079	15.726	-0.96957
-15.303	-2.0099	-11.954	-7.3641	-20.259	-7.0086	3.1093	15.986	15.119	15.718	-0.93079
-15.339	-2.0072	-11.993	-7.3326	-20.274	-7.0396	3.1532	16.004	15.16	15.711	-0.892
-15.375	-2.0046	-12.032	-7.3011	-20.288	-7.0705	3.197	16.022	15.2	15.703	-0.85322
-15.412	-2.0019	-12.071	-7.2696	-20.303	-7.1015	3.2409	16.04	15.24	15.696	-0.81444
-15.448	-1.9992	-12.11	-7.2381	-20.317	-7.1324	3.2847	16.057	15.281	15.689	-0.77565
-15.484	-1.9966	-12.149	-7.2065	-20.332	-7.1633	3.3285	16.075	15.321	15.681	-0.73687
-15.521	-1.9939	-12.187	-7.175	-20.346	-7.1943	3.3724	16.093	15.362	15.674	-0.69809
-15.557	-1.9912	-12.226	-7.1435	-20.361	-7.2252	3.4162	16.111	15.402	15.666	-0.6593
-15.594	-1.9886	-12.265	-7.112	-20.375	-7.2562	3.4601	16.129	15.443	15.659	-0.62052
-15.63	-1.9859	-12.304	-7.0805	-20.39	-7.2871	3.5039	16.146	15.483	15.652	-0.58174
-15.666	-1.9832	-12.343	-7.049	-20.404	-7.318	3.5477	16.164	15.524	15.644	-0.54296
-15.703	-1.9806	-12.382	-7.0175	-20.419	-7.349	3.5916	16.182	15.564	15.637	-0.50417
-15.739	-1.9779	-12.421	-6.986	-20.433	-7.3799	3.6354	16.2	15.604	15.629	-0.46539
-15.775	-1.9753	-12.46	-6.9545	-20.448	-7.4109	3.6792	16.218	15.645	15.622	-0.42661
-15.812	-1.9726	-12.498	-6.923	-20.462	-7.4418	3.7231	16.236	15.685	15.615	-0.38782
-15.848	-1.9674	-12.538	-6.8954	-20.47	-7.4721	3.7663	16.253	15.722	15.603	-0.35037
-15.881	-1.9432	-12.584	-6.8973	-20.424	-7.4974	3.8051	16.264	15.732	15.556	-0.32302
-15.914	-1.919	-12.629	-6.8992	-20.378	-7.5226	3.8439	16.276	15.741	15.508	-0.29567
-15.948	-1.8948	-12.674	-6.9012	-20.332	-7.5479	3.8827	16.287	15.75	15.461	-0.26832
-15.981	-1.8705	-12.72	-6.9031	-20.287	-7.5732	3.9215	16.299	15.76	15.414	-0.24097
-16.014	-1.8463	-12.765	-6.905	-20.241	-7.5985	3.9603	16.311	15.769	15.367	-0.21362
-16.048	-1.8221	-12.811	-6.9069	-20.195	-7.6237	3.9991	16.322	15.778	15.32	-0.18627
-16.081	-1.7979	-12.856	-6.9089	-20.149	-7.649	4.0379	16.334	15.788	15.272	-0.15892
-16.114	-1.7737	-12.902	-6.9108	-20.104	-7.6743	4.0767	16.345	15.797	15.225	-0.13157
-16.148	-1.7494	-12.947	-6.9127	-20.058	-7.6996	4.1155	16.357	15.806	15.178	-0.10422
-16.181	-1.7252	-12.993	-6.9146	-20.012	-7.7248	4.1543	16.369	15.816	15.131	-0.076874
-16.214	-1.701	-13.038	-6.9166	-19.966	-7.7501	4.193	16.38	15.825	15.084	-0.049524
-16.248	-1.6768	-13.083	-6.9185	-19.921	-7.7754	4.2318	16.392	15.834	15.036	-0.022175
-16.281	-1.6526	-13.129	-6.9204	-19.875	-7.8007	4.2706	16.403	15.844	14.989	0.0051751
-16.314	-1.6283	-13.174	-6.9223	-19.829	-7.8259	4.3094	16.415	15.853	14.942	0.032525
-16.348	-1.6041	-13.22	-6.9243	-19.783	-7.8512	4.3482	16.427	15.862	14.895	0.059874
-16.381	-1.5799	-13.265	-6.9262	-19.738	-7.8765	4.387	16.438	15.872	14.848	0.087224
-16.414	-1.5557	-13.311	-6.9281	-19.692	-7.9018	4.4258	16.45	15.881	14.8	0.11457
-16.448	-1.5315	-13.356	-6.93	-19.646	-7.927	4.4646	16.461	15.89	14.753	0.14192
-16.481	-1.5072	-13.402	-6.9319	-19.6	-7.9523	4.5034	16.473	15.9	14.706	0.16927
-16.514	-1.483	-13.447	-6.9339	-19.554	-7.9776	4.5422	16.484	15.909	14.659	0.19662
-16.548	-1.4588	-13.492	-6.9358	-19.509	-8.0029	4.581	16.496	15.918	14.612	0.22397
-16.581	-1.4346	-13.538	-6.9377	-19.463	-8.0281	4.6198	16.508	15.928	14.564	0.25132
-16.614	-1.4104	-13.583	-6.9396	-19.417	-8.0534	4.6585	16.519	15.937	14.517	0.27867
-16.647	-1.3583	-13.585	-7.0176	-19.373	-8.0248	4.6815	16.52	15.892	14.47	0.27893
-16.679	-1.3025	-13.582	-7.1056	-19.328	-7.9891	4.7024	16.519	15.839	14.423	0.27562
-16.711	-1.2468	-13.578	-7.1936	-19.284	-7.9534	4.7233	16.519	15.787	14.376	0.27232
-16.743	-1.191	-13.574	-7.2816	-19.239	-7.9177	4.7441	16.518	15.734	14.329	0.26901
-16.776	-1.1353	-13.571	-7.3695	-19.195	-7.882	4.765	16.517	15.682	14.282	0.2657
-16.808	-1.0795	-13.567	-7.4575	-19.15	-7.8463	4.7859	16.516	15.63	14.235	0.2624
-16.84	-1.0238	-13.564	-7.5455	-19.106	-7.8106	4.8068	16.516	15.577	14.188	0.25909
-16.872	-0.96803	-13.56	-7.6335	-19.061	-7.7749	4.8277	16.515	15.525	14.14	0.25578
-16.904	-0.91228	-13.556	-7.7215	-19.017	-7.7393	4.8485	16.514	15.472	14.093	0.25248
-16.937	-0.85653	-13.553	-7.8094	-18.972	-7.7036	4.8694	16.514	15.42	14.046	0.24917
-16.969	-0.80078	-13.549	-7.8974	-18.928	-7.6679	4.8903	16.513	15.368	13.999	0.24586
-17.001	-0.74504	-13.545	-7.9854	-18.884	-7.6322	4.9112	16.512	15.315	13.952	0.24256
-17.033	-0.68929	-13.542	-8.0734	-18.839	-7.5965	4.9321	16.512	15.263	13.905	0.23925
-17.065	-0.63354	-13.538	-8.1614	-18.795	-7.5608	4.9529	16.511	15.21	13.858	0.23594
-17.098	-0.57779	-13.534	-8.2493	-18.75	-7.5251	4.9738	16.51	15.158	13.811	0.23264
-17.13	-0.52204	-13.531	-8.3373	-18.706	-7.4894	4.9947	16.51	15.106	13.764	0.22933
-17.162	-0.46629	-13.527	-8.4253	-18.661	-7.4537	5.0156	16.509	15.053	13.717	0.22603
-17.194	-0.41054	-13.523	-8.5133	-18.617	-7.418	5.0364	16.508	15.001	13.67	0.22272
-17.226	-0.35479	-13.52	-8.6013	-18.572	-7.3823	5.0573	16.507	14.948	13.623	0.21941
-17.259	-0.29904	-13.516	-8.6892	-18.528	-7.3466	5.0782	16.507	14.896	13.575	0.21611
-17.291	-0.24329	-13.513	-8.7772	-18.483	-7.3109	5.0991	16.506	14.843	13.528	0.2128
-17.323	-0.18754	-13.509	-8.8652	-18.439	-7.2752	5.12	16.505	14.791	13.481	0.20949
-17.355	-0.13179	-13.505	-8.9532	-18.394	-7.2395	5.1408	16.505	14.739	13.434	0.20619
-17.358	-0.10704	-13.5	-8.9649	-18.364	-7.2165	5.1465	16.512	14.668	13.388	0.19134
-17.346	-0.098884	-13.494	-8.9357	-18.342	-7.2002	5.1441	16.524	14.588	13.342	0.1703
-17.334	-0.090733	-13.488	-8.9065	-18.319	-7.1839	5.1416	16.536	14.507	13.296	0.14927
-17.322	-0.082582	-13.482	-8.8773	-18.297	-7.1676	5.1391	16.548	14.427	13.25	0.12824
-17.309	-0.074431	-13.477	-8.8481	-18.274	-7.1513	5.1367	16.56	14.346	13.204	0.1072
-17.297	-0.06628	-13.471	-8.819	-18.252	-7.135	5.1342	16.572	14.266	13.158	0.086172
-17.285	-0.058129	-13.465	-8.7898	-18.229	-7.1187	5.1318	16.584	14.186	13.112	0.065139
-17.273	-0.049978	-13.459	-8.7606	-18.207	-7.1024	5.1293	16.596	14.105	13.066	0.044106
-17.26	-0.041827	-13.453	-8.7314	-18.184	-7.0861	5.1268	16.608	14.025	13.02	0.023073
-17.248	-0.033676	-13.447	-8.7022	-18.162	-7.0697	5.1244	16.62	13.944	12.974	0.0020398
-17.236	-0.025525	-13.441	-8.6731	-18.139	-7.0534	5.1219	16.632	13.864	12.927	-0.018993
-17.224	-0.017374	-13.435	-8.6439	-18.117	-7.0371	5.1195	16.644	13.784	12.881	-0.040026
-17.212	-0.0092233	-13.429	-8.6147	-18.095	-7.0208	5.117	16.656	13.703	12.835	-0.061059
-17.199	-0.0010723	-13.423	-8.5855	-18.072	-7.0045	5.1146	16.668	13.623	12.789	-0.082092
-17.187	0.0070787	-13.417	-8.5563	-18.05	-6.9882	5.1121	16.68	13.542	12.743	-0.10312
-17.175	0.01523	-13.411	-8.5271	-18.027	-6.9719	5.1096	16.692	13.462	12.697	-0.12416
-17.163	0.023381	-13.406	-8.498	-18.005	-6.9556	5.1072	16.704	13.382	12.651	-0.14519
-17.15	0.031532	-13.4	-8.4688	-17.982	-6.9393	5.1047	16.716	13.301	12.605	-0.16622
-17.138	0.039683	-13.394	-8.4396	-17.96	-6.923	5.1023	16.728	13.221	12.559	-0.18726
-17.126	0.047834	-13.388	-8.4104	-17.937	-6.9067	5.0998	16.74	13.14	12.513	-0.20829
-17.114	0.055985	-13.382	-8.3812	-17.915	-6.8904	5.0974	16.752	13.06	12.467	-0.22932
-17.101	0.064136	-13.376	-8.3521	-17.892	-6.8741	5.0949	16.764	12.98	12.421	-0.25036
-17.089	0.072287	-13.37	-8.3229	-17.87	-6.8578	5.0924	16.776	12.899	12.375	-0.27139
-17.058	0.087295	-13.347	-8.3198	-17.845	-6.8287	5.0921	16.773	12.821	12.325	-0.29394
-17	0.11183	-13.301	-8.3529	-17.819	-6.7817	5.0946	16.75	12.746	12.269	-0.3186
-16.943	0.13636	-13.255	-8.386	-17.792	-6.7348	5.0971	16.726	12.67	12.213	-0.34326
-16.885	0.16089	-13.209	-8.4191	-17.765	-6.6879	5.0996	16.702	12.595	12.157	-0.36791
-16.827	0.18543	-13.163	-8.4522	-17.739	-6.641	5.1022	16.678	12.52	12.101	-0.39257
-16.77	0.20996	-13.117	-8.4853	-17.712	-6.5941	5.1047	16.655	12.444	12.045	-0.41723
-16.712	0.23449	-13.071	-8.5184	-17.685	-6.5471	5.1072	16.631	12.369	11.989	-0.44189
-16.654	0.25902	-13.025	-8.5516	-17.659	-6.5002	5.1097	16.607	12.294	11.933	-0.46655
-16.597	0.28356	-12.979	-8.5847	-17.632	-6.4533	5.1123	16.584	12.218	11.878	-0.49121
-16.539	0.30809	-12.933	-8.6178	-17.605	-6.4064	5.1148	16.56	12.143	11.822	-0.51587
-16.481	0.33262	-12.887	-8.6509	-17.578	-6.3594	5.1173	16.536	12.068	11.766	-0.54052
-16.424	0.35715	-12.841	-8.684	-17.552	-6.3125	5.1199	16.512	11.993	11.71	-0.56518
-16.366	0.38169	-12.795	-8.7171	-17.525	-6.2656	5.1224	16.489	11.917	11.654	-0.58984
-16.308	0.40622	-12.749	-8.7502	-17.498	-6.2187	5.1249	16.465	11.842	11.598	-0.6145
-16.251	0.43075	-12.703	-8.7833	-17.472	-6.1717	5.1274	16.441	11.767	11.542	-0.63916
-16.193	0.45528	-12.656	-8.8165	-17.445	-6.1248	5.13	16.417	11.691	11.486	-0.66382
-16.136	0.47982	-12.61	-8.8496	-17.418	-6.0779	5.1325	16.394	11.616	11.43	-0.68847
-16.078	0.50435	-12.564	-8.8827	-17.392	-6.031	5.135	16.37	11.541	11.374	-0.71313
-16.02	0.52888	-12.518	-8.9158	-17.365	-5.9841	5.1375	16.346	11.465	11.318	-0.73779
-15.963	0.55342	-12.472	-8.9489	-17.338	-5.9371	5.1401	16.323	11.39	11.262	-0.76245
-15.905	0.57795	-12.426	-8.982	-17.311	-5.8902	5.1426	16.299	11.315	11.207	-0.78711
-15.847	0.60248	-12.38	-9.0151	-17.285	-5.8433	5.1451	16.275	11.24	11.151	-0.81177
-15.79	0.62701	-12.334	-9.0482	-17.258	-5.7964	5.1476	16.251	11.164	11.095	-0.83642
-15.733	0.65031	-12.288	-9.0756	-17.234	-5.7476	5.1408	16.236	11.084	11.049	-0.86785
-15.68	0.66817	-12.239	-9.078	-17.223	-5.6909	5.093	16.257	10.979	11.051	-0.92888
-15.628	0.68604	-12.191	-9.0804	-17.211	-5.6342	5.0452	16.278	10.875	11.053	-0.98991
-15.575	0.70391	-12.143	-9.0827	-17.2	-5.5775	4.9974	16.299	10.771	11.055	-1.0509
-15.522	0.72177	-12.094	-9.0851	-17.189	-5.5208	4.9496	16.319	10.666	11.056	-1.112
-15.47	0.73964	-12.046	-9.0874	-17.177	-5.4641	4.9018	16.34	10.562	11.058	-1.173
-15.417	0.75751	-11.998	-9.0898	-17.166	-5.4073	4.854	16.361	10.458	11.06	-1.234
-15.365	0.77538	-11.95	-9.0922	-17.155	-5.3506	4.8062	16.382	10.354	11.061	-1.2951
-15.312	0.79324	-11.901	-9.0945	-17.143	-5.2939	4.7584	16.403	10.249	11.063	-1.3561
-15.259	0.81111	-11.853	-9.0969	-17.132	-5.2372	4.7106	16.424	10.145	11.065	-1.4171
-15.207	0.82898	-11.805	-9.0992	-17.12	-5.1805	4.6628	16.444	10.041	11.066	-1.4781
-15.154	0.84685	-11.757	-9.1016	-17.109	-5.1238	4.615	16.465	9.9365	11.068	-1.5392
-15.101	0.86471	-11.708	-9.104	-17.098	-5.0671	4.5672	16.486	9.8322	11.07	-1.6002
-15.049	0.88258	-11.66	-9.1063	-17.086	-5.0104	4.5194	16.507	9.7279	11.072	-1.6612
-14.996	0.90045	-11.612	-9.1087	-17.075	-4.9536	4.4716	16.528	9.6237	11.073	-1.7223
-14.944	0.91832	-11.564	-9.111	-17.063	-4.8969	4.4238	16.549	9.5194	11.075	-1.7833
-14.891	0.93618	-11.515	-9.1134	-17.052	-4.8402	4.376	16.569	9.4151	11.077	-1.8443
-14.838	0.95405	-11.467	-9.1158	-17.041	-4.7835	4.3282	16.59	9.3108	11.078	-1.9054
-14.786	0.97192	-11.419	-9.1181	-17.029	-4.7268	4.2804	16.611	9.2066	11.08	-1.9664
-14.733	0.98978	-11.371	-9.1205	-17.018	-4.6701	4.2326	16.632	9.1023	11.082	-2.0274
-14.68	1.0077	-11.322	-9.1228	-17.006	-4.6134	4.1848	16.653	8.998	11.084	-2.0884
-14.628	1.0255	-11.274	-9.1252	-16.995	-4.5567	4.137	16.674	8.8937	11.085	-2.1495
-14.575	1.0434	-11.226	-9.1276	-16.984	-4.5	4.0892	16.695	8.7895	11.087	-2.2105
-14.523	1.0613	-11.177	-9.1299	-16.972	-4.4432	4.0414	16.715	8.6852	11.089	-2.2715
-14.459	1.0802	-11.079	-9.1934	-16.917	-4.3917	4.0364	16.664	8.6194	11.041	-2.2998
-14.396	1.0993	-10.978	-9.2599	-16.86	-4.3404	4.0335	16.609	8.5555	10.992	-2.3264
-14.332	1.1183	-10.877	-9.3263	-16.803	-4.289	4.0306	16.554	8.4916	10.942	-2.3531
-14.268	1.1373	-10.776	-9.3928	-16.746	-4.2377	4.0278	16.499	8.4276	10.893	-2.3797
-14.205	1.1563	-10.675	-9.4593	-16.689	-4.1864	4.0249	16.445	8.3637	10.843	-2.4063
-14.141	1.1754	-10.574	-9.5257	-16.632	-4.1351	4.022	16.39	8.2998	10.794	-2.433
-14.077	1.1944	-10.473	-9.5922	-16.575	-4.0838	4.0191	16.335	8.2359	10.744	-2.4596
-14.014	1.2134	-10.372	-9.6586	-16.518	-4.0325	4.0162	16.28	8.172	10.695	-2.4863
-13.95	1.2324	-10.271	-9.7251	-16.461	-3.9811	4.0133	16.225	8.1081	10.645	-2.5129
-13.886	1.2515	-10.17	-9.7916	-16.404	-3.9298	4.0104	16.17	8.0441	10.595	-2.5396
-13.823	1.2705	-10.069	-9.858	-16.347	-3.8785	4.0075	16.115	7.9802	10.546	-2.5662
-13.759	1.2895	-9.9681	-9.9245	-16.29	-3.8272	4.0046	16.06	7.9163	10.496	-2.5928
-13.695	1.3085	-9.8672	-9.991	-16.233	-3.7759	4.0017	16.006	7.8524	10.447	-2.6195
-13.632	1.3276	-9.7662	-10.057	-16.176	-3.7246	3.9988	15.951	7.7885	10.397	-2.6461
-13.568	1.3466	-9.6652	-10.124	-16.119	-3.6732	3.9959	15.896	7.7245	10.348	-2.6728
-13.504	1.3656	-9.5642	-10.19	-16.062	-3.6219	3.9931	15.841	7.6606	10.298	-2.6994
-13.441	1.3846	-9.4632	-10.257	-16.005	-3.5706	3.9902	15.786	7.5967	10.249	-2.726
-13.377	1.4037	-9.3622	-10.323	-15.948	-3.5193	3.9873	15.731	7.5328	10.199	-2.7527
-13.313	1.4227	-9.2613	-10.39	-15.891	-3.468	3.9844	15.676	7.4689	10.15	-2.7793
-13.25	1.4417	-9.1603	-10.456	-15.833	-3.4167	3.9815	15.622	7.4049	10.1	-2.806
-13.186	1.4607	-9.0593	-10.523	-15.776	-3.3654	3.9786	15.567	7.341	10.05	-2.8326
-13.122	1.4798	-8.9583	-10.589	-15.719	-3.314	3.9757	15.512	7.2771	10.001	-2.8593
-13.059	1.4988	-8.8573	-10.656	-15.662	-3.2627	3.9728	15.457	7.2132	9.9513	-2.8859
-12.983	1.5072	-8.7835	-10.629	-15.596	-3.2442	3.9705	15.391	7.1683	9.881	-2.9026
-12.902	1.5116	-8.7203	-10.567	-15.526	-3.2383	3.9684	15.321	7.1307	9.8027	-2.9155
-12.822	1.5159	-8.657	-10.504	-15.456	-3.2325	3.9664	15.251	7.0931	9.7244	-2.9284
-12.741	1.5202	-8.5937	-10.442	-15.385	-3.2266	3.9643	15.181	7.0555	9.6461	-2.9413
-12.661	1.5246	-8.5304	-10.379	-15.315	-3.2208	3.9622	15.111	7.0179	9.5678	-2.9542
-12.58	1.5289	-8.4671	-10.317	-15.245	-3.2149	3.9601	15.041	6.9804	9.4895	-2.9671
-12.5	1.5333	-8.4039	-10.254	-15.175	-3.209	3.9581	14.971	6.9428	9.4112	-2.98
-12.42	1.5376	-8.3406	-10.192	-15.105	-3.2032	3.956	14.901	6.9052	9.3329	-2.9929
-12.339	1.542	-8.2773	-10.129	-15.035	-3.1973	3.9539	14.831	6.8676	9.2546	-3.0058
-12.259	1.5463	-8.214	-10.067	-14.965	-3.1915	3.9519	14.761	6.83	9.1763	-3.0187
-12.178	1.5506	-8.1508	-10.004	-14.894	-3.1856	3.9498	14.691	6.7924	9.098	-3.0316
-12.098	1.555	-8.0875	-9.9417	-14.824	-3.1798	3.9477	14.621	6.7549	9.0197	-3.0445
-12.017	1.5593	-8.0242	-9.8792	-14.754	-3.1739	3.9456	14.551	6.7173	8.9414	-3.0574
-11.937	1.5637	-7.9609	-9.8168	-14.684	-3.168	3.9436	14.48	6.6797	8.8631	-3.0703
-11.856	1.568	-7.8976	-9.7543	-14.614	-3.1622	3.9415	14.41	6.6421	8.7848	-3.0832
-11.776	1.5724	-7.8344	-9.6918	-14.544	-3.1563	3.9394	14.34	6.6045	8.7065	-3.0961
-11.695	1.5767	-7.7711	-9.6293	-14.473	-3.1505	3.9373	14.27	6.567	8.6282	-3.109
-11.615	1.581	-7.7078	-9.5668	-14.403	-3.1446	3.9353	14.2	6.5294	8.5499	-3.1219
-11.534	1.5854	-7.6445	-9.5043	-14.333	-3.1388	3.9332	14.13	6.4918	8.4716	-3.1348
-11.454	1.5897	-7.5813	-9.4418	-14.263	-3.1329	3.9311	14.06	6.4542	8.3933	-3.1477
-11.373	1.5941	-7.518	-9.3793	-14.193	-3.1271	3.9291	13.99	6.4166	8.315	-3.1606
-11.293	1.5984	-7.4547	-9.3169	-14.123	-3.1212	3.927	13.92	6.379	8.2367	-3.1735
-11.212	1.6028	-7.3914	-9.2544	-14.053	-3.1153	3.9249	13.85	6.3415	8.1584	-3.1864
-11.118	1.6162	-7.3113	-9.1921	-13.975	-3.1162	3.9432	13.757	6.3141	8.0654	-3.1918
-11.009	1.6391	-7.2134	-9.1301	-13.89	-3.1241	3.9828	13.639	6.2973	7.9572	-3.1892
-10.9	1.6621	-7.1155	-9.0681	-13.805	-3.132	4.0225	13.521	6.2806	7.8489	-3.1867
-10.792	1.685	-7.0177	-9.0061	-13.72	-3.1399	4.0621	13.404	6.2639	7.7406	-3.1842
-10.683	1.708	-6.9198	-8.944	-13.635	-3.1479	4.1017	13.286	6.2472	7.6323	-3.1817
-10.574	1.7309	-6.8219	-8.882	-13.549	-3.1558	4.1414	13.169	6.2305	7.524	-3.1791
-10.465	1.7539	-6.7241	-8.82	-13.464	-3.1637	4.181	13.051	6.2137	7.4158	-3.1766
-10.356	1.7768	-6.6262	-8.758	-13.379	-3.1716	4.2207	12.933	6.197	7.3075	-3.1741
-10.247	1.7998	-6.5283	-8.696	-13.294	-3.1795	4.2603	12.816	6.1803	7.1992	-3.1716
-10.139	1.8227	-6.4305	-8.6339	-13.209	-3.1874	4.2999	12.698	6.1636	7.0909	-3.169
-10.03	1.8457	-6.3326	-8.5719	-13.124	-3.1953	4.3396	12.581	6.1468	6.9826	-3.1665
-9.9209	1.8686	-6.2347	-8.5099	-13.039	-3.2032	4.3792	12.463	6.1301	6.8744	-3.164
-9.8121	1.8916	-6.1369	-8.4479	-12.954	-3.2112	4.4188	12.346	6.1134	6.7661	-3.1614
-9.7032	1.9145	-6.039	-8.3859	-12.868	-3.2191	4.4585	12.228	6.0967	6.6578	-3.1589
-9.5944	1.9375	-5.9411	-8.3238	-12.783	-3.227	4.4981	12.11	6.08	6.5495	-3.1564
-9.4856	1.9604	-5.8433	-8.2618	-12.698	-3.2349	4.5377	11.993	6.0632	6.4412	-3.1539
-9.3767	1.9834	-5.7454	-8.1998	-12.613	-3.2428	4.5774	11.875	6.0465	6.333	-3.1513
-9.2679	2.0063	-5.6475	-8.1378	-12.528	-3.2507	4.617	11.758	6.0298	6.2247	-3.1488
-9.159	2.0293	-5.5497	-8.0758	-12.443	-3.2586	4.6566	11.64	6.0131	6.1164	-3.1463
-9.0502	2.0522	-5.4518	-8.0137	-12.358	-3.2665	4.6963	11.522	5.9963	6.0081	-3.1438
-8.9414	2.0751	-5.3539	-7.9517	-12.272	-3.2744	4.7359	11.405	5.9796	5.8998	-3.1412
-8.8325	2.0981	-5.2561	-7.8897	-12.187	-3.2824	4.7755	11.287	5.9629	5.7916	-3.1387
-8.7237	2.121	-5.1582	-7.8277	-12.102	-3.2903	4.8152	11.17	5.9462	5.6833	-3.1362
-8.6253	2.145	-5.0594	-7.7658	-12.009	-3.2918	4.8511	11.049	5.9257	5.572	-3.1312
-8.5573	2.1717	-4.958	-7.7042	-11.89	-3.2748	4.8763	10.919	5.8945	5.4522	-3.119
-8.4893	2.1985	-4.8567	-7.6426	-11.772	-3.2578	4.9014	10.789	5.8632	5.3324	-3.1069
-8.4213	2.2252	-4.7553	-7.581	-11.653	-3.2407	4.9265	10.659	5.832	5.2126	-3.0947
-8.3534	2.252	-4.6539	-7.5194	-11.535	-3.2237	4.9517	10.529	5.8007	5.0928	-3.0826
-8.2854	2.2787	-4.5525	-7.4578	-11.416	-3.2067	4.9768	10.399	5.7694	4.973	-3.0704
-8.2174	2.3055	-4.4511	-7.3962	-11.298	-3.1897	5.002	10.269	5.7382	4.8532	-3.0582
-8.1494	2.3322	-4.3498	-7.3346	-11.179	-3.1726	5.0271	10.139	5.7069	4.7334	-3.0461
-8.0814	2.359	-4.2484	-7.2731	-11.061	-3.1556	5.0523	10.009	5.6756	4.6137	-3.0339
-8.0134	2.3857	-4.147	-7.2115	-10.942	-3.1386	5.0774	9.8785	5.6444	4.4939	-3.0218
-7.9454	2.4125	-4.0456	-7.1499	-10.824	-3.1216	5.1026	9.7485	5.6131	4.3741	-3.0096
-7.8774	2.4393	-3.9442	-7.0883	-10.706	-3.1046	5.1277	9.6185	5.5819	4.2543	-2.9974
-7.8094	2.466	-3.8428	-7.0267	-10.587	-3.0875	5.1529	9.4885	5.5506	4.1345	-2.9853
-7.7415	2.4928	-3.7415	-6.9651	-10.469	-3.0705	5.178	9.3585	5.5193	4.0147	-2.9731
-7.6735	2.5195	-3.6401	-6.9035	-10.35	-3.0535	5.2032	9.2284	5.4881	3.8949	-2.961
-7.6055	2.5463	-3.5387	-6.8419	-10.232	-3.0365	5.2283	9.0984	5.4568	3.7751	-2.9488
-7.5375	2.573	-3.4373	-6.7803	-10.113	-3.0194	5.2535	8.9684	5.4256	3.6553	-2.9366
-7.4695	2.5998	-3.3359	-6.7187	-9.9948	-3.0024	5.2786	8.8384	5.3943	3.5355	-2.9245
-7.4015	2.6265	-3.2345	-6.6572	-9.8764	-2.9854	5.3038	8.7083	5.363	3.4157	-2.9123
-7.3335	2.6533	-3.1332	-6.5956	-9.7579	-2.9684	5.3289	8.5783	5.3318	3.2959	-2.9002
-7.2655	2.68	-3.0318	-6.534	-9.6394	-2.9514	5.3541	8.4483	5.3005	3.1761	-2.888
-7.1975	2.7068	-2.9304	-6.4724	-9.521	-2.9343	5.3792	8.3183	5.2692	3.0563	-2.8758
-7.1295	2.7335	-2.829	-6.4108	-9.4025	-2.9173	5.4044	8.1882	5.238	2.9365	-2.8637
-7.0614	2.7607	-2.7282	-6.3486	-9.284	-2.8998	5.429	8.0584	5.2064	2.8165	-2.8523
-6.9863	2.8038	-2.6508	-6.2628	-9.1625	-2.8599	5.434	7.9355	5.16	2.6884	-2.8756
-6.9112	2.8469	-2.5734	-6.1769	-9.041	-2.82	5.4389	7.8127	5.1136	2.5603	-2.8988
-6.8361	2.8899	-2.4959	-6.091	-8.9196	-2.7801	5.4438	7.6898	5.0672	2.4322	-2.922
-6.761	2.933	-2.4185	-6.0051	-8.7981	-2.7402	5.4488	7.567	5.0209	2.3041	-2.9452
-6.6859	2.9761	-2.3411	-5.9192	-8.6766	-2.7003	5.4537	7.4441	4.9745	2.176	-2.9684
-6.6108	3.0192	-2.2637	-5.8333	-8.5551	-2.6604	5.4586	7.3213	4.9281	2.0479	-2.9916
-6.5357	3.0623	-2.1863	-5.7475	-8.4336	-2.6205	5.4636	7.1984	4.8817	1.9198	-3.0149
-6.4606	3.1054	-2.1089	-5.6616	-8.3122	-2.5806	5.4685	7.0756	4.8354	1.7917	-3.0381
-6.3855	3.1485	-2.0314	-5.5757	-8.1907	-2.5407	5.4734	6.9527	4.789	1.6636	-3.0613
-6.3104	3.1916	-1.954	-5.4898	-8.0692	-2.5009	5.4784	6.8299	4.7426	1.5355	-3.0845
-6.2353	3.2347	-1.8766	-5.4039	-7.9477	-2.461	5.4833	6.707	4.6962	1.4074	-3.1077
-6.1602	3.2778	-1.7992	-5.318	-7.8262	-2.4211	5.4882	6.5842	4.6498	1.2793	-3.1309
-6.0852	3.3209	-1.7218	-5.2322	-7.7048	-2.3812	5.4932	6.4614	4.6035	1.1512	-3.1542
-6.0101	3.364	-1.6443	-5.1463	-7.5833	-2.3413	5.4981	6.3385	4.5571	1.0231	-3.1774
-5.935	3.4071	-1.5669	-5.0604	-7.4618	-2.3014	5.503	6.2157	4.5107	0.89502	-3.2006
-5.8599	3.4501	-1.4895	-4.9745	-7.3403	-2.2615	5.5079	6.0928	4.4643	0.76693	-3.2238
-5.7848	3.4932	-1.4121	-4.8886	-7.2189	-2.2216	5.5129	5.97	4.418	0.63883	-3.247
-5.7097	3.5363	-1.3347	-4.8027	-7.0974	-2.1817	5.5178	5.8471	4.3716	0.51073	-3.2702
-5.6346	3.5794	-1.2573	-4.7169	-6.9759	-2.1418	5.5227	5.7243	4.3252	0.38264	-3.2935
-5.5595	3.6225	-1.1798	-4.631	-6.8544	-2.1019	5.5277	5.6014	4.2788	0.25454	-3.3167
-5.4844	3.6656	-1.1024	-4.5451	-6.7329	-2.0621	5.5326	5.4786	4.2324	0.12644	-3.3399
-5.4093	3.7087	-1.025	-4.4592	-6.6115	-2.0222	5.5375	5.3557	4.1861	-0.001653	-3.3631
-5.3342	3.7518	-0.94759	-4.3733	-6.49	-1.9823	5.5425	5.2329	4.1397	-0.12975	-3.3863
-5.248	3.7942	-0.90763	-4.2429	-6.4081	-1.9098	5.4945	5.1433	4.0492	-0.18438	-3.3965
-5.1589	3.8363	-0.87758	-4.1008	-6.3368	-1.8287	5.4326	5.0626	3.9469	-0.21956	-3.4033
-5.0698	3.8785	-0.84754	-3.9586	-6.2655	-1.7475	5.3706	4.9818	3.8447	-0.25473	-3.41
-4.9807	3.9207	-0.81749	-3.8165	-6.1941	-1.6664	5.3087	4.9011	3.7425	-0.28991	-3.4168
-4.8916	3.9629	-0.78744	-3.6743	-6.1228	-1.5853	5.2468	4.8204	3.6403	-0.32509	-3.4236
-4.8025	4.0051	-0.75739	-3.5321	-6.0515	-1.5042	5.1848	4.7396	3.538	-0.36027	-3.4303
-4.7134	4.0473	-0.72735	-3.39	-5.9801	-1.4231	5.1229	4.6589	3.4358	-0.39545	-3.4371
-4.6243	4.0894	-0.6973	-3.2478	-5.9088	-1.342	5.061	4.5782	3.3336	-0.43063	-3.4438
-4.5352	4.1316	-0.66725	-3.1057	-5.8375	-1.2608	4.999	4.4974	3.2314	-0.46581	-3.4506
-4.4461	4.1738	-0.6372	-2.9635	-5.7661	-1.1797	4.9371	4.4167	3.1292	-0.50099	-3.4573
-4.357	4.216	-0.60716	-2.8214	-5.6948	-1.0986	4.8751	4.336	3.0269	-0.53617	-3.4641
-4.2679	4.2582	-0.57711	-2.6792	-5.6234	-1.0175	4.8132	4.2552	2.9247	-0.57135	-3.4708
-4.1787	4.3003	-0.54706	-2.537	-5.5521	-0.93638	4.7513	4.1745	2.8225	-0.60653	-3.4776
-4.0896	4.3425	-0.51701	-2.3949	-5.4808	-0.85526	4.6893	4.0938	2.7203	-0.64171	-3.4844
-4.0005	4.3847	-0.48697	-2.2527	-5.4094	-0.77414	4.6274	4.013	2.618	-0.67688	-3.4911
-3.9114	4.4269	-0.45692	-2.1106	-5.3381	-0.69302	4.5654	3.9323	2.5158	-0.71206	-3.4979
-3.8223	4.4691	-0.42687	-1.9684	-5.2668	-0.61191	4.5035	3.8516	2.4136	-0.74724	-3.5046
-3.7332	4.5112	-0.39682	-1.8263	-5.1954	-0.53079	4.4416	3.7708	2.3114	-0.78242	-3.5114
-3.6441	4.5534	-0.36678	-1.6841	-5.1241	-0.44967	4.3796	3.6901	2.2092	-0.8176	-3.5181
-3.555	4.5956	-0.33673	-1.5419	-5.0528	-0.36856	4.3177	3.6094	2.1069	-0.85278	-3.5249
-3.4659	4.6378	-0.30668	-1.3998	-4.9814	-0.28744	4.2558	3.5286	2.0047	-0.88796	-3.5316
-3.3768	4.68	-0.27663	-1.2576	-4.9101	-0.20632	4.1938	3.4479	1.9025	-0.92314	-3.5384
-3.2877	4.7221	-0.24659	-1.1155	-4.8387	-0.1252	4.1319	3.3672	1.8003	-0.95832	-3.5452
-3.1974	4.7546	-0.21266	-0.98687	-4.7706	-0.053691	4.0873	3.3009	1.7051	-1.0068	-3.5622
-3.1062	4.7794	-0.17567	-0.86903	-4.7051	0.010222	4.0565	3.246	1.6154	-1.0659	-3.5874
-3.015	4.8042	-0.13867	-0.75119	-4.6395	0.074134	4.0257	3.1911	1.5258	-1.1249	-3.6126
-2.9239	4.829	-0.10167	-0.63335	-4.574	0.13805	3.9949	3.1362	1.4361	-1.184	-3.6378
-2.8327	4.8538	-0.064678	-0.51551	-4.5084	0.20196	3.9641	3.0813	1.3465	-1.243	-3.6631
-2.7415	4.8786	-0.027683	-0.39767	-4.4429	0.26587	3.9333	3.0264	1.2569	-1.3021	-3.6883
-2.6503	4.9034	0.0093128	-0.27983	-4.3773	0.32978	3.9025	2.9715	1.1672	-1.3611	-3.7135
-2.5591	4.9282	0.046308	-0.16199	-4.3118	0.3937	3.8716	2.9167	1.0776	-1.4202	-3.7387
-2.4679	4.953	0.083304	-0.044145	-4.2462	0.45761	3.8408	2.8618	0.98795	-1.4793	-3.7639
-2.3767	4.9778	0.1203	0.073696	-4.1807	0.52152	3.81	2.8069	0.89831	-1.5383	-3.7891
-2.2855	5.0026	0.15729	0.19154	-4.1151	0.58543	3.7792	2.752	0.80867	-1.5974	-3.8143
-2.1944	5.0274	0.19429	0.30938	-4.0496	0.64935	3.7484	2.6971	0.71903	-1.6564	-3.8395
-2.1032	5.0522	0.23129	0.42722	-3.984	0.71326	3.7176	2.6422	0.6294	-1.7155	-3.8647
-2.012	5.077	0.26828	0.54506	-3.9185	0.77717	3.6868	2.5873	0.53976	-1.7745	-3.89
-1.9208	5.1018	0.30528	0.6629	-3.8529	0.84108	3.656	2.5325	0.45012	-1.8336	-3.9152
-1.8296	5.1266	0.34227	0.78074	-3.7874	0.90499	3.6252	2.4776	0.36048	-1.8926	-3.9404
