0.00199601
0.00398404
0.00596414
0.00793634
0.00990066
0.0118571
0.0138058
0.0157467
0.0176799
0.0196053
0.021523
0.0234331
0.0253356
0.0272304
0.0291177
0.0309975
0.0328698
0.0347346
0.0365919
0.0384418
0.0402844
0.0421196
0.0439474
0.045768
0.0475813
0.0493874
0.0511862
0.0529779
0.0547624
0.0565398
0.0583101
0.0600733
0.0618295
0.0635787
0.0653209
0.0670561
0.0687844
0.0705059
0.0722204
0.0739281
0.075629
0.0773231
0.0790104
0.080691
0.0823649
0.0840321
0.0856926
0.0873466
0.0889939
0.0906346
0.0922688
0.0938965
0.0955177
0.0971323
0.0987406
0.100342
0.101938
0.103527
0.10511
0.106686
0.108256
0.10982
0.111378
0.112929
0.114474
0.116013
0.117546
0.119073
0.120594
0.122108
0.123617
0.125119
0.126616
0.128106
0.129591
0.13107
0.132542
0.134009
0.13547
0.136925
0.138375
0.139818
0.141256
0.142688
0.144115
0.145536
0.146951
0.14836
0.149764
0.151162
0.152554
0.153941
0.155323
0.156699
0.158069
0.159434
0.160794
0.162148
0.163497
0.16484
0.166178
0.167511
0.168838
0.17016
0.171477
0.172788
0.174094
0.175395
0.176691
0.177982
0.179267
0.180548
0.181823
0.183093
0.184358
0.185618
0.186873
0.188123
0.189368
0.190608
0.191843
0.193074
0.194299
0.195519
0.196735
0.197945
0.199151
0.200352
0.201548
0.20274
0.203926
0.205108
0.206286
0.207458
0.208626
0.209789
0.210948
0.212101
0.213251
0.214395
0.215536
0.216671
0.217802
0.218929
0.220051
0.221168
0.222281
0.22339
0.224494
0.225594
0.22669
0.227781
0.228867
0.22995
0.231028
0.232102
0.233171
0.234236
0.235297
0.236354
0.237406
0.238455
0.239499
0.240539
0.241574
0.242606
0.243633
0.244657
0.245676
0.246692
0.247703
0.24871
0.249713
0.250712
0.251707
0.252699
0.253686
0.254669
0.255648
0.256624
0.257595
0.258563
0.259527
0.260487
0.261443
0.262395
0.263344
0.264289
0.26523
0.266167
0.2671
0.26803
0.268956
0.269878
0.270797
0.271712
0.272623
0.273531
0.274435
0.275336
0.276232
0.277126
0.278015
0.278902
0.279784
0.280663
0.281539
0.282411
0.28328
0.284145
0.285006
0.285865
0.28672
0.287571
0.288419
0.289264
0.290105
0.290943
0.291777
0.292609
0.293436
0.294261
0.295082
0.2959
0.296715
0.297527
0.298335
0.29914
0.299942
0.30074
0.301536
0.302328
0.303117
0.303903
0.304686
0.305466
0.306242
0.307016
0.307786
0.308554
0.309318
0.310079
0.310837
0.311592
0.312344
0.313094
0.31384
0.314583
0.315323
0.31606
0.316795
0.317526
0.318254
0.31898
0.319703
0.320422
0.321139
0.321853
0.322564
0.323273
0.323978
0.324681
0.325381
0.326078
0.326772
0.327464
0.328152
0.328838
0.329522
0.330202
0.33088
0.331555
0.332228
0.332897
0.333564
0.334229
0.334891
0.33555
0.336206
0.33686
0.337511
0.33816
0.338806
0.33945
0.34009
0.340729
0.341365
0.341998
0.342629
0.343257
0.343883
0.344506
0.345127
0.345745
0.346361
0.346974
0.347585
0.348193
0.348799
0.349403
0.350004
0.350603
0.351199
0.351793
0.352385
0.352974
0.353561
0.354146
0.354728
0.355308
0.355886
0.356461
0.357034
0.357605
0.358173
0.358739
0.359303
0.359865
0.360424
0.360981
0.361536
0.362089
0.36264
0.363188
0.363734
0.364278
0.36482
0.36536
0.365897
0.366432
0.366966
0.367497
0.368026
0.368552
0.369077
0.3696
0.37012
0.370639
0.371155
0.37167
0.372182
0.372692
0.3732
0.373707
0.374211
0.374713
0.375213
0.375711
0.376207
0.376702
0.377194
0.377684
0.378172
0.378659
0.379143
0.379625
0.380106
0.380585
0.381061
0.381536
0.382009
0.38248
0.382949
0.383416
0.383882
0.384345
0.384807
0.385267
0.385725
0.386181
0.386636
0.387088
0.387539
0.387988
0.388435
0.38888
0.389324
0.389766
0.390206
0.390644
0.391081
0.391515
0.391948
0.39238
0.392809
0.393237
0.393664
0.394088
0.394511
0.394932
0.395351
0.395769
0.396185
0.3966
0.397012
0.397424
0.397833
0.398241
0.398647
0.399052
0.399455
0.399856
0.400256
0.400654
0.401051
0.401446
0.401839
0.402231
0.402621
0.40301
0.403397
0.403783
0.404167
0.404549
0.404931
0.40531
0.405688
0.406065
0.40644
0.406813
0.407185
0.407556
0.407925
0.408292
0.408658
0.409023
0.409386
0.409748
0.410108
0.410467
0.410824
0.41118
0.411535
0.411888
0.41224
0.41259
0.412939
0.413287
0.413633
0.413978
0.414321
0.414663
0.415004
0.415343
0.415681
0.416018
0.416353
0.416687
0.417019
0.417351
0.41768
0.418009
0.418336
0.418662
0.418987
0.419311
0.419633
0.419953
0.420273
0.420591
0.420908
0.421224
0.421538
0.421852
0.422164
0.422474
0.422784
0.423092
0.423399
0.423705
0.42401
0.424313
0.424615
0.424916
0.425216
0.425514
0.425812
0.426108
0.426403
0.426697
0.426989
0.427281
0.427571
0.42786
0.428148
0.428435
0.428721
0.429005
0.429289
0.429571
0.429852
0.430132
0.430411
0.430689
0.430965
0.431241
0.431515
0.431789
0.432061
0.432332
0.432602
0.432872
0.43314
0.433406
0.433672
0.433937
0.434201
0.434463
0.434725
0.434986
0.435245
0.435504
0.435761
0.436018
0.436273
0.436527
0.436781
0.437033
0.437285
0.437535
0.437784
0.438033
0.43828
0.438526
0.438772
0.439016
0.43926
0.439502
0.439744
0.439984
0.440224
0.440462
0.4407
0.440937
0.441173
0.441407
0.441641
0.441874
0.442106
0.442337
0.442568
0.442797
0.443025
0.443253
0.443479
0.443705
0.44393
0.444153
0.444376
0.444598
0.44482
0.44504
0.445259
0.445478
0.445695
0.445912
0.446128
0.446343
0.446557
0.446771
0.446983
0.447195
0.447406
0.447616
0.447825
0.448033
0.44824
0.448447
0.448653
0.448858
0.449062
0.449265
0.449468
0.44967
0.449871
0.450071
0.45027
0.450469
0.450666
0.450863
0.451059
0.451255
0.451449
0.451643
0.451836
0.452028
0.45222
0.452411
0.452601
0.45279
0.452978
0.453166
0.453353
0.453539
0.453725
0.453909
0.454093
0.454277
0.454459
0.454641
0.454822
0.455002
0.455182
0.455361
0.455539
0.455717
0.455893
0.45607
0.456245
0.45642
0.456594
0.456767
0.456939
0.457111
0.457283
0.457453
0.457623
0.457792
0.457961
0.458128
0.458296
0.458462
0.458628
0.458793
0.458958
0.459121
0.459285
0.459447
0.459609
0.45977
0.459931
0.460091
0.46025
0.460409
0.460567
0.460724
0.460881
0.461037
0.461193
0.461348
0.461502
0.461656
0.461809
0.461961
0.462113
0.462264
0.462415
0.462565
0.462714
0.462863
0.463011
0.463159
0.463306
0.463453
0.463599
0.463744
0.463889
0.464033
0.464176
0.464319
0.464462
0.464604
0.464745
0.464886
0.465026
0.465166
0.465305
0.465443
0.465581
0.465718
0.465855
0.465992
0.466127
0.466263
0.466397
0.466531
0.466665
0.466798
0.466931
0.467063
0.467194
0.467325
0.467456
0.467585
0.467715
0.467844
0.467972
0.4681
0.468227
0.468354
0.46848
0.468606
0.468732
0.468856
0.468981
0.469105
0.469228
0.469351
0.469473
0.469595
0.469716
0.469837
0.469958
0.470078
0.470197
0.470316
0.470435
0.470553
0.47067
0.470787
0.470904
0.47102
0.471136
0.471251
0.471366
0.47148
0.471594
0.471707
0.47182
0.471933
0.472045
0.472156
0.472267
0.472378
0.472488
0.472598
0.472708
0.472817
0.472925
0.473033
0.473141
0.473248
0.473355
0.473461
0.473567
0.473673
0.473778
0.473882
0.473987
0.474091
0.474194
0.474297
0.4744
0.474502
0.474604
0.474705
0.474806
0.474907
0.475007
0.475106
0.475206
0.475305
0.475403
0.475502
0.475599
0.475697
0.475794
0.47589
0.475987
0.476083
0.476178
0.476273
0.476368
0.476462
0.476556
0.47665
0.476743
0.476836
0.476928
0.47702
0.477112
0.477203
0.477294
0.477385
0.477475
0.477565
0.477655
0.477744
0.477833
0.477921
0.47801
0.478097
0.478185
0.478272
0.478359
0.478445
0.478531
0.478617
0.478702
0.478787
0.478872
0.478956
0.47904
0.479124
0.479207
0.47929
0.479373
0.479455
0.479537
0.479619
0.4797
0.479781
0.479862
0.479942
0.480022
0.480102
0.480182
0.480261
0.48034
0.480418
0.480496
0.480574
0.480652
0.480729
0.480806
0.480882
0.480959
0.481035
0.48111
0.481186
0.481261
0.481336
0.48141
0.481485
0.481558
0.481632
0.481705
0.481778
0.481851
0.481924
0.481996
0.482068
0.482139
0.482211
0.482282
0.482352
0.482423
0.482493
0.482563
0.482632
0.482702
0.482771
0.48284
0.482908
0.482976
0.483044
0.483112
0.483179
0.483246
0.483313
0.48338
0.483446
0.483512
0.483578
0.483644
0.483709
0.483774
0.483839
0.483903
0.483968
0.484032
0.484095
0.484159
0.484222
0.484285
0.484348
0.48441
0.484473
0.484535
0.484596
0.484658
0.484719
0.48478
0.484841
0.484901
0.484962
0.485022
0.485081
0.485141
0.4852
0.485259
0.485318
0.485377
0.485435
0.485493
0.485551
0.485609
0.485666
0.485724
0.485781
0.485837
0.485894
0.48595
0.486006
0.486062
0.486118
0.486173
0.486228
0.486283
0.486338
0.486393
0.486447
0.486501
0.486555
0.486609
0.486662
0.486715
0.486768
0.486821
0.486874
0.486926
0.486978
0.48703
0.487082
0.487134
0.487185
0.487236
0.487287
0.487338
0.487389
0.487439
0.487489
0.487539
0.487589
0.487638
0.487688
0.487737
0.487786
0.487834
0.487883
0.487931
0.48798
0.488028
0.488075
0.488123
0.48817
0.488218
0.488265
0.488311
0.488358
0.488405
0.488451
0.488497
0.488543
0.488589
0.488634
0.48868
0.488725
0.48877
0.488815
0.488859
0.488904
0.488948
0.488992
0.489036
0.48908
0.489123
0.489167
0.48921
0.489253
0.489296
0.489339
0.489381
0.489424
0.489466
0.489508
0.48955
0.489592
0.489633
0.489675
0.489716
0.489757
0.489798
0.489838
0.489879
0.489919
0.48996
0.49
0.49004
0.490079
0.490119
0.490159
0.490198
0.490237
0.490276
0.490315
0.490353
0.490392
0.49043
0.490468
0.490506
0.490544
0.490582
0.49062
0.490657
0.490694
0.490732
0.490769
0.490805
0.490842
0.490879
0.490915
0.490951
0.490988
0.491024
0.491059
0.491095
0.491131
0.491166
0.491201
0.491236
0.491271
0.491306
0.491341
0.491375
0.49141
0.491444
0.491478
0.491512
0.491546
0.49158
0.491614
0.491647
0.49168
0.491714
0.491747
0.49178
0.491813
0.491845
0.491878
0.49191
0.491942
0.491975
0.492007
0.492039
0.49207
0.492102
0.492134
0.492165
0.492196
0.492227
0.492258
0.492289
0.49232
0.492351
0.492381
0.492412
0.492442
0.492472
0.492502
0.492532
0.492562
0.492592
0.492621
0.492651
0.49268
0.492709
0.492738
0.492767
0.492796
0.492825
0.492854
0.492882
0.492911
0.492939
0.492967
0.492995
0.493023
0.493051
0.493079
0.493106
0.493134
0.493161
0.493189
0.493216
0.493243
0.49327
0.493297
0.493323
0.49335
0.493377
0.493403
0.493429
0.493456
0.493482
0.493508
0.493534
0.493559
0.493585
0.493611
0.493636
0.493662
0.493687
0.493712
0.493737
0.493762
0.493787
0.493812
0.493837
0.493861
0.493886
0.49391
0.493935
0.493959
0.493983
0.494007
0.494031
0.494055
0.494078
0.494102
0.494126
0.494149
0.494172
0.494196
0.494219
0.494242
0.494265
0.494288
0.494311
0.494333
0.494356
0.494378
0.494401
0.494423
0.494446
0.494468
0.49449
0.494512
0.494534
0.494555
0.494577
0.494599
0.49462
0.494642
0.494663
0.494685
0.494706
0.494727
0.494748
0.494769
0.49479
0.494811
0.494831
0.494852
0.494873
0.494893
0.494913
0.494934
0.494954
0.494974
0.494994
0.495014
0.495034
0.495054
0.495074
0.495093
0.495113
0.495132
0.495152
0.495171
0.49519
0.49521
0.495229
0.495248
0.495267
0.495286
0.495304
0.495323
0.495342
0.49536
0.495379
0.495397
0.495416
0.495434
0.495452
0.495471
0.495489
0.495507
0.495525
0.495542
0.49556
0.495578
0.495596
0.495613
0.495631
0.495648
0.495665
0.495683
0.4957
0.495717
0.495734
0.495751
0.495768
0.495785
0.495802
0.495819
0.495835
0.495852
0.495869
0.495885
0.495902
0.495918
0.495934
0.49595
0.495967
0.495983
0.495999
0.496015
0.496031
0.496046
0.496062
0.496078
0.496094
0.496109
0.496125
0.49614
0.496156
0.496171
0.496186
0.496201
0.496217
0.496232
0.496247
0.496262
0.496277
0.496292
0.496306
0.496321
0.496336
0.49635
0.496365
0.49638
0.496394
0.496408
0.496423
0.496437
0.496451
0.496465
0.496479
0.496494
0.496508
0.496521
0.496535
0.496549
0.496563
0.496577
0.49659
0.496604
0.496618
0.496631
0.496644
0.496658
0.496671
0.496685
0.496698
0.496711
0.496724
0.496737
0.49675
0.496763
0.496776
0.496789
0.496802
0.496815
0.496827
0.49684
0.496853
0.496865
0.496878
0.49689
0.496902
0.496915
0.496927
0.496939
0.496952
0.496964
0.496976
0.496988
0.497
0.497012
0.497024
0.497036
0.497048
0.497059
0.497071
0.497083
0.497094
0.497106
0.497118
0.497129
0.497141
0.497152
0.497163
0.497175
0.497186
0.497197
0.497208
0.49722
0.497231
0.497242
0.497253
0.497264
0.497275
0.497285
0.497296
0.497307
0.497318
0.497329
0.497339
0.49735
0.49736
0.497371
0.497381
0.497392
0.497402
0.497413
0.497423
0.497433
0.497444
0.497454
0.497464
0.497474
0.497484
0.497494
0.497504
0.497514
0.497524
0.497534
0.497544
0.497554
0.497563
0.497573
0.497583
0.497592
0.497602
0.497612
0.497621
0.497631
0.49764
0.49765
0.497659
0.497668
0.497678
0.497687
0.497696
0.497705
0.497714
0.497724
0.497733
0.497742
0.497751
0.49776
0.497769
0.497778
0.497786
0.497795
0.497804
0.497813
0.497822
0.49783
0.497839
0.497848
0.497856
0.497865
0.497873
0.497882
0.49789
0.497899
0.497907
0.497915
0.497924
0.497932
0.49794
0.497948
0.497957
0.497965
0.497973
0.497981
0.497989
0.497997
0.498005
0.498013
0.498021
0.498029
0.498037
0.498045
0.498052
0.49806
0.498068
0.498076
0.498083
0.498091
0.498099
0.498106
0.498114
0.498121
0.498129
0.498136
0.498144
0.498151
0.498158
0.498166
0.498173
0.49818
0.498188
0.498195
0.498202
0.498209
0.498216
0.498224
0.498231
0.498238
0.498245
0.498252
0.498259
0.498266
0.498273
0.49828
0.498286
0.498293
0.4983
0.498307
0.498314
0.49832
0.498327
0.498334
0.49834
0.498347
0.498354
0.49836
0.498367
0.498373
0.49838
0.498386
0.498393
0.498399
0.498405
0.498412
0.498418
0.498424
0.498431
0.498437
0.498443
0.498449
0.498456
0.498462
0.498468
0.498474
0.49848
0.498486
0.498492
0.498498
0.498504
0.49851
0.498516
0.498522
0.498528
0.498534
0.49854
0.498546
0.498551
0.498557
0.498563
0.498569
0.498574
0.49858
0.498586
0.498591
0.498597
0.498603
0.498608
0.498614
0.498619
0.498625
0.49863
0.498636
0.498641
0.498647
0.498652
0.498657
0.498663
0.498668
0.498673
0.498679
0.498684
0.498689
0.498694
0.4987
0.498705
0.49871
0.498715
0.49872
0.498725
0.498731
0.498736
0.498741
0.498746
0.498751
0.498756
0.498761
0.498766
0.49877
0.498775
0.49878
0.498785
0.49879
0.498795
0.4988
0.498804
0.498809
0.498814
0.498819
0.498823
0.498828
0.498833
0.498837
0.498842
0.498847
0.498851
0.498856
0.49886
0.498865
0.49887
0.498874
0.498879
0.498883
0.498888
0.498892
0.498896
0.498901
0.498905
0.49891
0.498914
0.498918
0.498923
0.498927
0.498931
0.498935
0.49894
0.498944
0.498948
0.498952
0.498956
0.498961
0.498965
0.498969
0.498973
0.498977
0.498981
0.498985
0.498989
0.498993
0.498997
0.499001
0.499005
0.499009
0.499013
0.499017
0.499021
0.499025
0.499029
0.499033
0.499037
0.499041
0.499044
0.499048
0.499052
0.499056
0.49906
0.499063
0.499067
0.499071
0.499074
0.499078
0.499082
0.499086
0.499089
0.499093
0.499096
0.4991
0.499104
0.499107
0.499111
0.499114
0.499118
0.499121
0.499125
0.499128
0.499132
0.499135
0.499139
0.499142
0.499146
0.499149
0.499152
0.499156
0.499159
0.499163
0.499166
0.499169
0.499173
0.499176
0.499179
0.499182
0.499186
0.499189
0.499192
0.499195
0.499199
0.499202
0.499205
0.499208
0.499211
0.499214
0.499218
0.499221
0.499224
0.499227
0.49923
0.499233
0.499236
0.499239
0.499242
0.499245
0.499248
0.499251
0.499254
0.499257
0.49926
0.499263
0.499266
0.499269
0.499272
0.499275
0.499278
0.499281
0.499284
0.499286
0.499289
0.499292
0.499295
0.499298
0.499301
0.499303
0.499306
0.499309
0.499312
0.499314
0.499317
0.49932
0.499323
0.499325
0.499328
0.499331
0.499333
0.499336
0.499339
0.499341
0.499344
0.499346
0.499349
0.499352
0.499354
0.499357
0.499359
0.499362
0.499365
0.499367
0.49937
0.499372
0.499375
0.499377
0.49938
0.499382
0.499385
0.499387
0.499389
0.499392
0.499394
0.499397
0.499399
0.499402
0.499404
0.499406
0.499409
0.499411
0.499413
0.499416
0.499418
0.49942
0.499423
0.499425
0.499427
0.49943
0.499432
0.499434
0.499436
0.499439
0.499441
0.499443
0.499445
0.499448
0.49945
0.499452
0.499454
0.499456
0.499458
0.499461
0.499463
0.499465
0.499467
0.499469
0.499471
0.499473
0.499476
0.499478
0.49948
0.499482
0.499484
0.499486
0.499488
0.49949
0.499492
0.499494
0.499496
0.499498
0.4995
0.499502
0.499504
0.499506
0.499508
0.49951
0.499512
0.499514
0.499516
0.499518
0.49952
0.499522
0.499524
0.499525
0.499527
0.499529
0.499531
0.499533
0.499535
0.499537
0.499539
0.49954
0.499542
0.499544
0.499546
0.499548
0.499549
0.499551
0.499553
0.499555
0.499557
0.499558
0.49956
0.499562
0.499564
0.499565
0.499567
0.499569
0.499571
0.499572
0.499574
0.499576
0.499577
0.499579
0.499581
0.499582
0.499584
0.499586
0.499587
0.499589
0.499591
0.499592
0.499594
0.499596
0.499597
0.499599
0.4996
0.499602
0.499604
0.499605
0.499607
0.499608
0.49961
0.499611
0.499613
0.499615
0.499616
0.499618
0.499619
0.499621
0.499622
0.499624
0.499625
0.499627
0.499628
0.49963
0.499631
0.499633
0.499634
0.499636
0.499637
0.499638
0.49964
0.499641
0.499643
0.499644
0.499646
0.499647
0.499648
0.49965
0.499651
0.499653
0.499654
0.499655
0.499657
0.499658
0.49966
0.499661
0.499662
0.499664
0.499665
0.499666
0.499668
0.499669
0.49967
0.499672
0.499673
0.499674
0.499675
0.499677
0.499678
0.499679
0.499681
0.499682
0.499683
0.499684
0.499686
0.499687
0.499688
0.499689
0.499691
0.499692
0.499693
0.499694
0.499696
0.499697
0.499698
0.499699
0.4997
0.499702
0.499703
0.499704
0.499705
0.499706
0.499708
0.499709
0.49971
0.499711
0.499712
0.499713
0.499714
0.499716
0.499717
0.499718
0.499719
0.49972
0.499721
0.499722
0.499723
0.499725
0.499726
0.499727
0.499728
0.499729
0.49973
0.499731
0.499732
0.499733
0.499734
0.499735
0.499736
0.499737
0.499739
0.49974
0.499741
0.499742
0.499743
0.499744
0.499745
0.499746
0.499747
0.499748
0.499749
0.49975
0.499751
0.499752
0.499753
0.499754
0.499755
0.499756
0.499757
0.499758
0.499759
0.49976
0.499761
0.499762
0.499762
0.499763
0.499764
0.499765
0.499766
0.499767
0.499768
0.499769
0.49977
0.499771
0.499772
0.499773
0.499774
0.499774
0.499775
0.499776
0.499777
0.499778
0.499779
0.49978
0.499781
0.499782
0.499782
0.499783
0.499784
0.499785
0.499786
0.499787
0.499788
0.499788
0.499789
0.49979
0.499791
0.499792
0.499793
0.499793
0.499794
0.499795
0.499796
0.499797
0.499798
0.499798
0.499799
0.4998
0.499801
0.499802
0.499802
0.499803
0.499804
0.499805
0.499806
0.499806
0.499807
0.499808
0.499809
0.499809
0.49981
0.499811
0.499812
0.499812
0.499813
0.499814
0.499815
0.499815
0.499816
0.499817
0.499818
0.499818
0.499819
0.49982
0.49982
0.499821
0.499822
0.499823
0.499823
0.499824
0.499825
0.499825
0.499826
0.499827
0.499828
0.499828
0.499829
0.49983
0.49983
0.499831
0.499832
0.499832
0.499833
0.499834
0.499834
0.499835
0.499836
0.499836
0.499837
0.499838
0.499838
0.499839
0.499839
0.49984
0.499841
0.499841
0.499842
0.499843
0.499843
0.499844
0.499845
0.499845
0.499846
0.499846
0.499847
0.499848
0.499848
0.499849
0.499849
0.49985
0.499851
0.499851
0.499852
0.499852
0.499853
0.499854
0.499854
0.499855
0.499855
0.499856
0.499856
0.499857
0.499858
0.499858
0.499859
0.499859
0.49986
0.49986
0.499861
0.499862
0.499862
0.499863
0.499863
0.499864
0.499864
0.499865
0.499865
0.499866
0.499866
0.499867
0.499868
0.499868
0.499869
0.499869
0.49987
0.49987
0.499871
0.499871
0.499872
0.499872
0.499873
0.499873
0.499874
0.499874
0.499875
0.499875
0.499876
0.499876
0.499877
0.499877
0.499878
0.499878
0.499879
0.499879
0.49988
0.49988
0.499881
0.499881
0.499882
0.499882
0.499883
0.499883
0.499883
0.499884
0.499884
0.499885
0.499885
0.499886
0.499886
0.499887
0.499887
0.499888
0.499888
0.499888
0.499889
0.499889
0.49989
0.49989
0.499891
0.499891
0.499892
0.499892
0.499892
0.499893
0.499893
0.499894
0.499894
0.499895
0.499895
0.499895
0.499896
0.499896
0.499897
0.499897
0.499897
0.499898
0.499898
0.499899
0.499899
0.499899
0.4999
0.4999
0.499901
0.499901
0.499901
0.499902
0.499902
0.499903
0.499903
0.499903
0.499904
0.499904
0.499905
0.499905
0.499905
0.499906
0.499906
0.499906
0.499907
0.499907
0.499908
0.499908
0.499908
0.499909
0.499909
0.499909
0.49991
0.49991
0.49991
0.499911
0.499911
0.499912
0.499912
0.499912
0.499913
0.499913
0.499913
0.499914
0.499914
0.499914
0.499915
0.499915
0.499915
0.499916
0.499916
0.499916
0.499917
0.499917
0.499917
0.499918
0.499918
0.499918
0.499919
0.499919
0.499919
0.49992
0.49992
0.49992
0.499921
0.499921
0.499921
0.499922
0.499922
0.499922
0.499922
0.499923
0.499923
0.499923
0.499924
0.499924
0.499924
0.499925
0.499925
0.499925
0.499926
0.499926
0.499926
0.499926
0.499927
0.499927
0.499927
0.499928
0.499928
0.499928
0.499928
0.499929
0.499929
0.499929
0.49993
0.49993
0.49993
0.49993
0.499931
0.499931
0.499931
0.499932
0.499932
0.499932
0.499932
0.499933
0.499933
0.499933
0.499933
0.499934
0.499934
0.499934
0.499934
0.499935
0.499935
0.499935
0.499936
0.499936
0.499936
0.499936
0.499937
0.499937
0.499937
0.499937
0.499938
0.499938
0.499938
0.499938
0.499939
0.499939
0.499939
0.499939
0.49994
0.49994
0.49994
0.49994
0.49994
0.499941
0.499941
0.499941
0.499941
0.499942
0.499942
0.499942
0.499942
0.499943
0.499943
0.499943
0.499943
0.499943
0.499944
0.499944
0.499944
0.499944
0.499945
0.499945
0.499945
0.499945
0.499945
0.499946
0.499946
0.499946
0.499946
0.499947
0.499947
0.499947
0.499947
0.499947
0.499948
0.499948
0.499948
0.499948
0.499948
0.499949
0.499949
0.499949
0.499949
0.499949
0.49995
0.49995
0.49995
0.49995
0.49995
0.499951
0.499951
0.499951
0.499951
0.499951
0.499952
0.499952
0.499952
0.499952
0.499952
0.499953
0.499953
0.499953
0.499953
0.499953
0.499954
0.499954
0.499954
0.499954
0.499954
0.499954
0.499955
0.499955
0.499955
0.499955
0.499955
0.499956
0.499956
0.499956
0.499956
0.499956
0.499956
0.499957
0.499957
0.499957
0.499957
0.499957
0.499957
0.499958
0.499958
0.499958
0.499958
0.499958
0.499958
0.499959
0.499959
0.499959
0.499959
