-1.1478	2.8263	3.8476	-0.33284	-0.71332	-3.0449	7.2259	-0.048826	1.0179	-4.5288	0
-1.0543	2.8399	3.8688	-0.25474	-0.58565	-3.0207	7.2259	-0.1179	0.93956	-4.5916	0
-0.96074	2.8535	3.8899	-0.17663	-0.45799	-2.9964	7.226	-0.18696	0.86119	-4.6543	0
-0.86721	2.8671	3.911	-0.098531	-0.33032	-2.9722	7.2261	-0.25603	0.78283	-4.7171	0
-0.77368	2.8807	3.9321	-0.020428	-0.20265	-2.9479	7.2261	-0.3251	0.70447	-4.7799	0
-0.68015	2.8943	3.9532	0.057674	-0.07498	-2.9237	7.2262	-0.39417	0.62611	-4.8426	0
-0.58662	2.9079	3.9743	0.13578	0.052689	-2.8994	7.2262	-0.46324	0.54775	-4.9054	0
-0.49761	2.9216	3.9972	0.19468	0.16072	-2.8432	7.2234	-0.53979	0.4702	-4.9551	0
-0.41795	2.9355	4.0236	0.21383	0.22807	-2.7208	7.2146	-0.63182	0.39432	-4.9777	0
-0.33829	2.9493	4.0501	0.23298	0.29542	-2.5984	7.2058	-0.72386	0.31845	-5.0002	0
-0.25863	2.9632	4.0765	0.25212	0.36277	-2.4759	7.1969	-0.8159	0.24258	-5.0228	0
-0.17897	2.9771	4.103	0.27127	0.43012	-2.3535	7.1881	-0.90794	0.1667	-5.0454	0
-0.099316	2.9909	4.1294	0.29041	0.49747	-2.2311	7.1793	-0.99998	0.090828	-5.068	0
-0.019659	3.0048	4.1559	0.30956	0.56482	-2.1087	7.1705	-1.092	0.014955	-5.0906	0
0.059999	3.0187	4.1823	0.32871	0.63217	-1.9863	7.1616	-1.1841	-0.060919	-5.1131	0
0.13966	3.0326	4.2087	0.34785	0.69952	-1.8639	7.1528	-1.2761	-0.13679	-5.1357	0
0.21931	3.0464	4.2352	0.367	0.76687	-1.7415	7.144	-1.3681	-0.21267	-5.1583	0
0.29897	3.0603	4.2616	0.38614	0.83422	-1.619	7.1352	-1.4602	-0.28854	-5.1809	0
0.37863	3.0742	4.2881	0.40529	0.90157	-1.4966	7.1263	-1.5522	-0.36441	-5.2035	0
0.45829	3.0881	4.3145	0.42444	0.96892	-1.3742	7.1175	-1.6442	-0.44029	-5.2261	0
0.53795	3.1019	4.341	0.44358	1.0363	-1.2518	7.1087	-1.7363	-0.51616	-5.2486	0
0.6176	3.1158	4.3674	0.46273	1.1036	-1.1294	7.0999	-1.8283	-0.59203	-5.2712	0
0.69726	3.1297	4.3939	0.48187	1.171	-1.007	7.091	-1.9204	-0.66791	-5.2938	0
0.77692	3.1435	4.4203	0.50102	1.2383	-0.88454	7.0822	-2.0124	-0.74378	-5.3164	0
0.85658	3.1574	4.4468	0.52017	1.3057	-0.76212	7.0734	-2.1044	-0.81965	-5.339	0
0.93623	3.1713	4.4732	0.53931	1.373	-0.63971	7.0646	-2.1965	-0.89553	-5.3615	0
1.0159	3.1852	4.4997	0.55846	1.4404	-0.51729	7.0557	-2.2885	-0.9714	-5.3841	0
1.0956	3.199	4.5261	0.5776	1.5077	-0.39487	7.0469	-2.3806	-1.0473	-5.4067	0
1.1752	3.2129	4.5526	0.59675	1.5751	-0.27246	7.0381	-2.4726	-1.1231	-5.4293	0
1.2549	3.2268	4.579	0.6159	1.6424	-0.15004	7.0293	-2.5646	-1.199	-5.4519	0
1.3334	3.2384	4.6027	0.63805	1.7118	-0.028349	7.016	-2.6523	-1.2746	-5.4764	0
1.4011	3.2286	4.5996	0.68949	1.8009	0.086276	6.9593	-2.698	-1.3471	-5.52	0
1.4689	3.2188	4.5964	0.74094	1.89	0.2009	6.9027	-2.7436	-1.4197	-5.5636	0
1.5366	3.209	4.5932	0.79239	1.9792	0.31553	6.846	-2.7892	-1.4923	-5.6072	0
1.6043	3.1992	4.5901	0.84384	2.0683	0.43015	6.7894	-2.8348	-1.5648	-5.6508	0
1.6721	3.1894	4.5869	0.89529	2.1574	0.54478	6.7327	-2.8804	-1.6374	-5.6944	0
1.7398	3.1796	4.5838	0.94674	2.2465	0.6594	6.6761	-2.926	-1.7099	-5.738	0
1.8075	3.1698	4.5806	0.99818	2.3356	0.77403	6.6194	-2.9717	-1.7825	-5.7816	0
1.8752	3.16	4.5775	1.0496	2.4248	0.88866	6.5628	-3.0173	-1.855	-5.8252	0
1.943	3.1502	4.5743	1.1011	2.5139	1.0033	6.5061	-3.0629	-1.9276	-5.8688	0
2.0107	3.1404	4.5712	1.1525	2.603	1.1179	6.4495	-3.1085	-2.0001	-5.9124	0
2.0784	3.1306	4.568	1.204	2.6921	1.2325	6.3928	-3.1541	-2.0727	-5.956	0
2.1461	3.1208	4.5648	1.2554	2.7813	1.3472	6.3362	-3.1997	-2.1453	-5.9996	0
2.2139	3.111	4.5617	1.3069	2.8704	1.4618	6.2795	-3.2453	-2.2178	-6.0432	0
2.2816	3.1012	4.5585	1.3583	2.9595	1.5764	6.2229	-3.291	-2.2904	-6.0868	0
2.3493	3.0914	4.5554	1.4098	3.0486	1.691	6.1662	-3.3366	-2.3629	-6.1304	0
2.4171	3.0816	4.5522	1.4612	3.1377	1.8057	6.1096	-3.3822	-2.4355	-6.174	0
2.4848	3.0718	4.5491	1.5127	3.2269	1.9203	6.0529	-3.4278	-2.508	-6.2176	0
2.5525	3.062	4.5459	1.5641	3.316	2.0349	5.9963	-3.4734	-2.5806	-6.2612	0
2.6202	3.0522	4.5428	1.6156	3.4051	2.1495	5.9396	-3.519	-2.6531	-6.3048	0
2.688	3.0424	4.5396	1.667	3.4942	2.2642	5.883	-3.5646	-2.7257	-6.3484	0
2.7557	3.0326	4.5364	1.7185	3.5834	2.3788	5.8263	-3.6103	-2.7983	-6.392	0
2.8234	3.0228	4.5333	1.7699	3.6725	2.4934	5.7697	-3.6559	-2.8708	-6.4357	0
2.8911	3.013	4.5301	1.8214	3.7616	2.608	5.713	-3.7015	-2.9434	-6.4793	0
2.9812	3.0021	4.5355	1.8907	3.8759	2.6409	5.7109	-3.7537	-3.0143	-6.5361	0
3.0748	2.991	4.5423	1.9629	3.9943	2.6604	5.7176	-3.8071	-3.0849	-6.595	0
3.1685	2.98	4.5491	2.0351	4.1127	2.6799	5.7243	-3.8604	-3.1556	-6.654	0
3.2621	2.9689	4.5559	2.1073	4.2311	2.6995	5.731	-3.9138	-3.2262	-6.713	0
3.3558	2.9578	4.5627	2.1795	4.3495	2.719	5.7377	-3.9671	-3.2969	-6.7719	0
3.4495	2.9468	4.5694	2.2517	4.4679	2.7386	5.7444	-4.0204	-3.3676	-6.8309	0
3.5431	2.9357	4.5762	2.3239	4.5863	2.7581	5.7511	-4.0738	-3.4382	-6.8899	0
3.6368	2.9246	4.583	2.3961	4.7047	2.7777	5.7578	-4.1271	-3.5089	-6.9488	0
3.7304	2.9136	4.5898	2.4683	4.8231	2.7972	5.7645	-4.1804	-3.5795	-7.0078	0
3.8241	2.9025	4.5966	2.5405	4.9415	2.8168	5.7712	-4.2338	-3.6502	-7.0668	0
3.9177	2.8914	4.6034	2.6127	5.0599	2.8363	5.7779	-4.2871	-3.7208	-7.1257	0
4.0114	2.8803	4.6102	2.6849	5.1783	2.8559	5.7846	-4.3405	-3.7915	-7.1847	0
4.105	2.8693	4.6169	2.7571	5.2967	2.8754	5.7913	-4.3938	-3.8621	-7.2436	0
4.1987	2.8582	4.6237	2.8293	5.4151	2.895	5.798	-4.4471	-3.9328	-7.3026	0
4.2923	2.8471	4.6305	2.9015	5.5335	2.9145	5.8047	-4.5005	-4.0034	-7.3616	0
4.386	2.8361	4.6373	2.9737	5.6519	2.934	5.8114	-4.5538	-4.0741	-7.4205	0
4.4796	2.825	4.6441	3.0459	5.7703	2.9536	5.8181	-4.6071	-4.1447	-7.4795	0
4.5733	2.8139	4.6509	3.1181	5.8887	2.9731	5.8248	-4.6605	-4.2154	-7.5385	0
4.6669	2.8029	4.6577	3.1903	6.0071	2.9927	5.8315	-4.7138	-4.286	-7.5974	0
4.7606	2.7918	4.6644	3.2625	6.1255	3.0122	5.8382	-4.7672	-4.3567	-7.6564	0
4.8543	2.7807	4.6712	3.3347	6.2439	3.0318	5.845	-4.8205	-4.4273	-7.7154	0
4.9479	2.7697	4.678	3.4069	6.3622	3.0513	5.8517	-4.8738	-4.498	-7.7743	0
5.0416	2.7586	4.6848	3.4791	6.4806	3.0709	5.8584	-4.9272	-4.5686	-7.8333	0
5.1174	2.7424	4.6993	3.548	6.5869	3.1191	5.8724	-4.9689	-4.6348	-7.9215	0
5.1827	2.7231	4.7184	3.6148	6.6858	3.1844	5.8908	-5.0038	-4.6983	-8.0272	0
5.248	2.7038	4.7376	3.6817	6.7848	3.2496	5.9093	-5.0388	-4.7618	-8.1328	0
5.3133	2.6845	4.7567	3.7485	6.8838	3.3148	5.9277	-5.0737	-4.8252	-8.2384	0
5.3786	2.6652	4.7758	3.8154	6.9828	3.3801	5.9461	-5.1086	-4.8887	-8.344	0
5.4439	2.6459	4.7949	3.8823	7.0818	3.4453	5.9646	-5.1435	-4.9522	-8.4496	0
5.5092	2.6266	4.814	3.9491	7.1808	3.5106	5.983	-5.1784	-5.0157	-8.5552	0
5.5744	2.6073	4.8332	4.016	7.2798	3.5758	6.0014	-5.2133	-5.0792	-8.6608	0
5.6397	2.588	4.8523	4.0828	7.3788	3.6411	6.0198	-5.2482	-5.1426	-8.7664	0
5.705	2.5687	4.8714	4.1497	7.4778	3.7063	6.0383	-5.2831	-5.2061	-8.872	0
5.7703	2.5494	4.8905	4.2166	7.5767	3.7716	6.0567	-5.3181	-5.2696	-8.9776	0
5.8356	2.5301	4.9096	4.2834	7.6757	3.8368	6.0751	-5.353	-5.3331	-9.0832	0
5.9009	2.5108	4.9288	4.3503	7.7747	3.902	6.0935	-5.3879	-5.3966	-9.1888	0
5.9662	2.4915	4.9479	4.4171	7.8737	3.9673	6.112	-5.4228	-5.4601	-9.2944	0
6.0315	2.4722	4.967	4.484	7.9727	4.0325	6.1304	-5.4577	-5.5235	-9.4	0
6.0968	2.4529	4.9861	4.5509	8.0717	4.0978	6.1488	-5.4926	-5.587	-9.5056	0
6.1621	2.4336	5.0052	4.6177	8.1707	4.163	6.1673	-5.5275	-5.6505	-9.6113	0
6.2274	2.4143	5.0243	4.6846	8.2697	4.2283	6.1857	-5.5624	-5.714	-9.7169	0
6.2927	2.395	5.0435	4.7514	8.3687	4.2935	6.2041	-5.5974	-5.7775	-9.8225	0
6.358	2.3757	5.0626	4.8183	8.4677	4.3588	6.2225	-5.6323	-5.8409	-9.9281	0
6.4232	2.3564	5.0817	4.8852	8.5666	4.424	6.241	-5.6672	-5.9044	-10.034	0
6.4885	2.3371	5.1008	4.952	8.6656	4.4892	6.2594	-5.7021	-5.9679	-10.139	0
6.5538	2.3178	5.1199	5.0189	8.7646	4.5545	6.2778	-5.737	-6.0314	-10.245	0
6.6231	2.2954	5.1411	5.088	8.8756	4.6087	6.2911	-5.7784	-6.0983	-10.336	0
6.6985	2.2683	5.1653	5.1606	9.0049	4.646	6.2966	-5.8297	-6.1704	-10.404	0
6.7739	2.2412	5.1894	5.2332	9.1342	4.6833	6.302	-5.881	-6.2426	-10.472	0
6.8493	2.214	5.2136	5.3058	9.2635	4.7207	6.3074	-5.9323	-6.3147	-10.54	0
6.9247	2.1869	5.2378	5.3784	9.3928	4.758	6.3129	-5.9835	-6.3869	-10.608	0
7.0001	2.1598	5.262	5.451	9.5221	4.7953	6.3183	-6.0348	-6.459	-10.676	0
7.0755	2.1327	5.2862	5.5236	9.6513	4.8326	6.3238	-6.0861	-6.5312	-10.745	0
7.1509	2.1055	5.3104	5.5962	9.7806	4.8699	6.3292	-6.1374	-6.6033	-10.813	0
7.2264	2.0784	5.3346	5.6688	9.9099	4.9073	6.3347	-6.1887	-6.6755	-10.881	0
7.3018	2.0513	5.3588	5.7414	10.039	4.9446	6.3401	-6.24	-6.7476	-10.949	0
7.3772	2.0241	5.383	5.814	10.169	4.9819	6.3455	-6.2913	-6.8198	-11.017	0
7.4526	1.997	5.4071	5.8866	10.298	5.0192	6.351	-6.3426	-6.8919	-11.085	0
7.528	1.9699	5.4313	5.9593	10.427	5.0565	6.3564	-6.3939	-6.9641	-11.153	0
7.6034	1.9428	5.4555	6.0319	10.556	5.0939	6.3619	-6.4452	-7.0362	-11.222	0
7.6788	1.9156	5.4797	6.1045	10.686	5.1312	6.3673	-6.4964	-7.1084	-11.29	0
7.7542	1.8885	5.5039	6.1771	10.815	5.1685	6.3728	-6.5477	-7.1805	-11.358	0
7.8296	1.8614	5.5281	6.2497	10.944	5.2058	6.3782	-6.599	-7.2527	-11.426	0
7.905	1.8343	5.5523	6.3223	11.074	5.2431	6.3836	-6.6503	-7.3248	-11.494	0
7.9804	1.8071	5.5765	6.3949	11.203	5.2805	6.3891	-6.7016	-7.397	-11.562	0
8.0558	1.78	5.6006	6.4675	11.332	5.3178	6.3945	-6.7529	-7.4691	-11.63	0
8.1312	1.7529	5.6248	6.5401	11.461	5.3551	6.4	-6.8042	-7.5413	-11.699	0
8.2066	1.7257	5.649	6.6127	11.591	5.3924	6.4054	-6.8555	-7.6134	-11.767	0
8.282	1.6986	5.6732	6.6853	11.72	5.4297	6.4109	-6.9068	-7.6856	-11.835	0
8.3534	1.6713	5.6944	6.7669	11.853	5.4561	6.4091	-6.9524	-7.7592	-11.907	0
8.404	1.6429	5.7004	6.8948	12.004	5.4262	6.37	-6.969	-7.8404	-11.996	0
8.4546	1.6144	5.7063	7.0228	12.155	5.3963	6.331	-6.9856	-7.9217	-12.086	0
8.5052	1.586	5.7122	7.1507	12.307	5.3664	6.292	-7.0022	-8.0029	-12.175	0
8.5558	1.5576	5.7182	7.2787	12.458	5.3365	6.2529	-7.0188	-8.0841	-12.265	0
8.6065	1.5292	5.7241	7.4066	12.609	5.3066	6.2139	-7.0354	-8.1654	-12.355	0
8.6571	1.5007	5.73	7.5345	12.761	5.2766	6.1749	-7.0519	-8.2466	-12.444	0
8.7077	1.4723	5.736	7.6625	12.912	5.2467	6.1358	-7.0685	-8.3278	-12.534	0
8.7583	1.4439	5.7419	7.7904	13.063	5.2168	6.0968	-7.0851	-8.4091	-12.624	0
8.8089	1.4155	5.7478	7.9184	13.214	5.1869	6.0578	-7.1017	-8.4903	-12.713	0
8.8596	1.387	5.7537	8.0463	13.366	5.157	6.0187	-7.1183	-8.5715	-12.803	0
8.9102	1.3586	5.7597	8.1743	13.517	5.1271	5.9797	-7.1349	-8.6528	-12.892	0
8.9608	1.3302	5.7656	8.3022	13.668	5.0972	5.9407	-7.1515	-8.734	-12.982	0
9.0114	1.3018	5.7715	8.4301	13.82	5.0673	5.9017	-7.1681	-8.8152	-13.072	0
9.062	1.2734	5.7775	8.5581	13.971	5.0374	5.8626	-7.1846	-8.8965	-13.161	0
9.1126	1.2449	5.7834	8.686	14.122	5.0074	5.8236	-7.2012	-8.9777	-13.251	0
9.1633	1.2165	5.7893	8.814	14.273	4.9775	5.7846	-7.2178	-9.0589	-13.341	0
9.2139	1.1881	5.7953	8.9419	14.425	4.9476	5.7455	-7.2344	-9.1402	-13.43	0
9.2645	1.1597	5.8012	9.0698	14.576	4.9177	5.7065	-7.251	-9.2214	-13.52	0
9.3151	1.1312	5.8071	9.1978	14.727	4.8878	5.6675	-7.2676	-9.3026	-13.609	0
9.3657	1.1028	5.8131	9.3257	14.879	4.8579	5.6284	-7.2842	-9.3839	-13.699	0
9.4164	1.0744	5.819	9.4537	15.03	4.828	5.5894	-7.3008	-9.4651	-13.789	0
9.467	1.046	5.8249	9.5816	15.181	4.7981	5.5504	-7.3174	-9.5463	-13.878	0
9.5176	1.0176	5.8309	9.7095	15.332	4.7682	5.5113	-7.3339	-9.6276	-13.968	0
9.6094	1.0137	5.8478	9.8148	15.452	4.7009	5.5141	-7.368	-9.7064	-14.039	0
9.7044	1.0118	5.8656	9.9185	15.57	4.6309	5.5199	-7.4035	-9.7849	-14.108	0
9.7993	1.0098	5.8834	10.022	15.688	4.5609	5.5258	-7.4389	-9.8635	-14.177	0
9.8943	1.0078	5.9011	10.126	15.806	4.4909	5.5316	-7.4743	-9.9421	-14.246	0
9.9892	1.0058	5.9189	10.229	15.923	4.4209	5.5375	-7.5097	-10.021	-14.315	0
10.084	1.0039	5.9367	10.333	16.041	4.3508	5.5433	-7.5452	-10.099	-14.384	0
10.179	1.0019	5.9545	10.436	16.159	4.2808	5.5492	-7.5806	-10.178	-14.454	0
10.274	0.99992	5.9722	10.54	16.277	4.2108	5.555	-7.616	-10.256	-14.523	0
10.369	0.99795	5.99	10.644	16.394	4.1408	5.5609	-7.6514	-10.335	-14.592	0
10.464	0.99598	6.0078	10.747	16.512	4.0708	5.5667	-7.6868	-10.414	-14.661	0
10.559	0.994	6.0256	10.851	16.63	4.0007	5.5726	-7.7223	-10.492	-14.73	0
10.654	0.99203	6.0434	10.955	16.747	3.9307	5.5784	-7.7577	-10.571	-14.799	0
10.749	0.99006	6.0611	11.058	16.865	3.8607	5.5843	-7.7931	-10.649	-14.869	0
10.844	0.98808	6.0789	11.162	16.983	3.7907	5.5901	-7.8285	-10.728	-14.938	0
10.939	0.98611	6.0967	11.265	17.101	3.7207	5.596	-7.8639	-10.807	-15.007	0
11.034	0.98414	6.1145	11.369	17.218	3.6506	5.6018	-7.8994	-10.885	-15.076	0
11.129	0.98217	6.1322	11.473	17.336	3.5806	5.6077	-7.9348	-10.964	-15.145	0
11.224	0.98019	6.15	11.576	17.454	3.5106	5.6135	-7.9702	-11.042	-15.214	0
11.319	0.97822	6.1678	11.68	17.572	3.4406	5.6194	-8.0056	-11.121	-15.283	0
11.413	0.97625	6.1856	11.783	17.689	3.3706	5.6252	-8.041	-11.2	-15.353	0
11.508	0.97427	6.2033	11.887	17.807	3.3006	5.6311	-8.0765	-11.278	-15.422	0
11.603	0.9723	6.2211	11.991	17.925	3.2305	5.6369	-8.1119	-11.357	-15.491	0
11.698	0.97033	6.2389	12.094	18.042	3.1605	5.6428	-8.1473	-11.435	-15.56	0
11.765	0.96214	6.251	12.18	18.114	3.1483	5.6102	-8.1807	-11.508	-15.6	0
11.819	0.95126	6.2606	12.258	18.164	3.1611	5.561	-8.2133	-11.578	-15.628	0
11.874	0.94037	6.2703	12.336	18.215	3.174	5.5118	-8.2459	-11.648	-15.656	0
11.928	0.92949	6.2799	12.414	18.266	3.1868	5.4626	-8.2785	-11.718	-15.683	0
11.982	0.91861	6.2896	12.492	18.317	3.1997	5.4133	-8.311	-11.788	-15.711	0
12.036	0.90773	6.2992	12.569	18.368	3.2125	5.3641	-8.3436	-11.858	-15.739	0
12.091	0.89685	6.3089	12.647	18.419	3.2254	5.3149	-8.3762	-11.928	-15.766	0
12.145	0.88596	6.3185	12.725	18.469	3.2382	5.2657	-8.4088	-11.998	-15.794	0
12.199	0.87508	6.3282	12.803	18.52	3.251	5.2165	-8.4413	-12.068	-15.822	0
12.254	0.8642	6.3378	12.881	18.571	3.2639	5.1672	-8.4739	-12.138	-15.849	0
12.308	0.85332	6.3475	12.959	18.622	3.2767	5.118	-8.5065	-12.208	-15.877	0
12.362	0.84244	6.3571	13.037	18.673	3.2896	5.0688	-8.5391	-12.278	-15.905	0
12.417	0.83155	6.3667	13.115	18.724	3.3024	5.0196	-8.5716	-12.348	-15.932	0
12.471	0.82067	6.3764	13.193	18.775	3.3152	4.9704	-8.6042	-12.418	-15.96	0
12.525	0.80979	6.386	13.271	18.825	3.3281	4.9211	-8.6368	-12.488	-15.988	0
12.58	0.79891	6.3957	13.348	18.876	3.3409	4.8719	-8.6694	-12.558	-16.015	0
12.634	0.78803	6.4053	13.426	18.927	3.3538	4.8227	-8.7019	-12.628	-16.043	0
12.688	0.77714	6.415	13.504	18.978	3.3666	4.7735	-8.7345	-12.698	-16.071	0
12.743	0.76626	6.4246	13.582	19.029	3.3794	4.7243	-8.7671	-12.768	-16.098	0
12.797	0.75538	6.4343	13.66	19.08	3.3923	4.675	-8.7997	-12.838	-16.126	0
12.851	0.7445	6.4439	13.738	19.131	3.4051	4.6258	-8.8322	-12.908	-16.154	0
12.906	0.73362	6.4536	13.816	19.181	3.418	4.5766	-8.8648	-12.978	-16.181	0
12.96	0.72273	6.4632	13.894	19.232	3.4308	4.5274	-8.8974	-13.048	-16.209	0
12.99	0.70308	6.4553	13.967	19.277	3.432	4.4749	-8.9201	-13.099	-16.222	0
12.991	0.67333	6.4274	14.034	19.314	3.4198	4.4186	-8.9315	-13.129	-16.218	0
12.992	0.64358	6.3994	14.101	19.351	3.4076	4.3624	-8.9429	-13.159	-16.214	0
12.993	0.61383	6.3714	14.168	19.388	3.3954	4.3061	-8.9543	-13.188	-16.209	0
12.994	0.58408	6.3434	14.235	19.425	3.3832	4.2498	-8.9657	-13.218	-16.205	0
12.996	0.55434	6.3154	14.302	19.462	3.371	4.1936	-8.9772	-13.248	-16.201	0
12.997	0.52459	6.2874	14.369	19.499	3.3588	4.1373	-8.9886	-13.278	-16.197	0
12.998	0.49484	6.2594	14.436	19.536	3.3466	4.081	-9	-13.307	-16.193	0
12.999	0.46509	6.2314	14.504	19.573	3.3344	4.0248	-9.0114	-13.337	-16.189	0
13.001	0.43534	6.2034	14.571	19.61	3.3222	3.9685	-9.0228	-13.367	-16.185	0
13.002	0.40559	6.1754	14.638	19.647	3.31	3.9122	-9.0342	-13.397	-16.18	0
13.003	0.37585	6.1474	14.705	19.684	3.2977	3.856	-9.0456	-13.426	-16.176	0
13.004	0.3461	6.1194	14.772	19.721	3.2855	3.7997	-9.057	-13.456	-16.172	0
13.006	0.31635	6.0914	14.839	19.758	3.2733	3.7434	-9.0684	-13.486	-16.168	0
13.007	0.2866	6.0635	14.906	19.795	3.2611	3.6872	-9.0798	-13.515	-16.164	0
13.008	0.25685	6.0355	14.973	19.832	3.2489	3.6309	-9.0912	-13.545	-16.16	0
13.009	0.2271	6.0075	15.041	19.869	3.2367	3.5746	-9.1026	-13.575	-16.156	0
13.01	0.19735	5.9795	15.108	19.906	3.2245	3.5184	-9.114	-13.605	-16.152	0
13.012	0.16761	5.9515	15.175	19.943	3.2123	3.4621	-9.1254	-13.634	-16.147	0
13.013	0.13786	5.9235	15.242	19.98	3.2001	3.4058	-9.1368	-13.664	-16.143	0
13.014	0.10811	5.8955	15.309	20.017	3.1879	3.3496	-9.1482	-13.694	-16.139	0
13.015	0.078362	5.8675	15.376	20.054	3.1757	3.2933	-9.1597	-13.724	-16.135	0
13.017	0.048613	5.8395	15.443	20.091	3.1635	3.237	-9.1711	-13.753	-16.131	0
13.019	0.02407	5.8119	15.504	20.124	3.1557	3.1735	-9.1822	-13.783	-16.122	0
13.025	0.016702	5.7856	15.544	20.144	3.1626	3.0859	-9.1924	-13.814	-16.097	0
13.031	0.0093342	5.7593	15.583	20.165	3.1694	2.9983	-9.2027	-13.845	-16.071	0
13.036	0.0019665	5.7329	15.623	20.185	3.1763	2.9107	-9.2129	-13.876	-16.046	0
13.042	-0.0054012	5.7066	15.662	20.205	3.1831	2.8231	-9.2232	-13.908	-16.021	0
13.048	-0.012769	5.6803	15.702	20.226	3.19	2.7355	-9.2334	-13.939	-15.995	0
13.054	-0.020137	5.654	15.742	20.246	3.1968	2.6479	-9.2436	-13.97	-15.97	0
13.06	-0.027504	5.6276	15.781	20.267	3.2037	2.5604	-9.2539	-14.001	-15.945	0
13.066	-0.034872	5.6013	15.821	20.287	3.2105	2.4728	-9.2641	-14.032	-15.92	0
13.071	-0.04224	5.575	15.86	20.307	3.2174	2.3852	-9.2744	-14.063	-15.894	0
13.077	-0.049608	5.5486	15.9	20.328	3.2242	2.2976	-9.2846	-14.094	-15.869	0
13.083	-0.056975	5.5223	15.94	20.348	3.2311	2.21	-9.2948	-14.125	-15.844	0
13.089	-0.064343	5.496	15.979	20.369	3.2379	2.1224	-9.3051	-14.156	-15.818	0
13.095	-0.071711	5.4697	16.019	20.389	3.2448	2.0348	-9.3153	-14.187	-15.793	0
13.101	-0.079078	5.4433	16.058	20.409	3.2516	1.9473	-9.3256	-14.218	-15.768	0
13.106	-0.086446	5.417	16.098	20.43	3.2585	1.8597	-9.3358	-14.249	-15.743	0
13.112	-0.093814	5.3907	16.138	20.45	3.2654	1.7721	-9.346	-14.28	-15.717	0
13.118	-0.10118	5.3644	16.177	20.471	3.2722	1.6845	-9.3563	-14.311	-15.692	0
13.124	-0.10855	5.338	16.217	20.491	3.2791	1.5969	-9.3665	-14.342	-15.667	0
13.13	-0.11592	5.3117	16.256	20.511	3.2859	1.5093	-9.3768	-14.373	-15.641	0
13.135	-0.12328	5.2854	16.296	20.532	3.2928	1.4217	-9.387	-14.404	-15.616	0
13.141	-0.13065	5.2591	16.336	20.552	3.2996	1.3341	-9.3972	-14.435	-15.591	0
13.147	-0.13802	5.2327	16.375	20.573	3.3065	1.2466	-9.4075	-14.466	-15.565	0
13.153	-0.14539	5.2064	16.415	20.593	3.3133	1.159	-9.4177	-14.497	-15.54	0
13.033	-0.54359	4.4162	17.294	20.992	3.5413	-0.22261	-9.8659	-15.159	-14.64	0
13.012	-0.56459	4.382	17.297	21.007	3.5639	-0.24537	-9.8712	-15.159	-14.622	0
12.991	-0.58558	4.3478	17.3	21.022	3.5865	-0.26814	-9.8765	-15.159	-14.604	0
12.97	-0.60657	4.3136	17.303	21.036	3.6092	-0.2909	-9.8818	-15.159	-14.585	0
12.949	-0.62757	4.2794	17.306	21.051	3.6318	-0.31366	-9.8871	-15.159	-14.567	0
12.928	-0.64856	4.2452	17.309	21.066	3.6544	-0.33643	-9.8924	-15.159	-14.549	0
12.907	-0.66955	4.211	17.312	21.081	3.677	-0.35919	-9.8977	-15.159	-14.531	0
12.886	-0.69055	4.1768	17.315	21.096	3.6997	-0.38195	-9.9029	-15.159	-14.513	0
12.864	-0.71154	4.1425	17.317	21.111	3.7223	-0.40472	-9.9082	-15.159	-14.494	0
12.843	-0.73253	4.1083	17.32	21.125	3.7449	-0.42748	-9.9135	-15.159	-14.476	0
12.822	-0.75353	4.0741	17.323	21.14	3.7676	-0.45024	-9.9188	-15.159	-14.458	0
12.801	-0.77452	4.0399	17.326	21.155	3.7902	-0.47301	-9.9241	-15.159	-14.44	0
12.78	-0.79551	4.0057	17.329	21.17	3.8128	-0.49577	-9.9294	-15.159	-14.422	0
12.759	-0.81651	3.9715	17.332	21.185	3.8354	-0.51853	-9.9347	-15.159	-14.403	0
12.738	-0.8375	3.9373	17.335	21.199	3.8581	-0.5413	-9.94	-15.159	-14.385	0
12.717	-0.85849	3.9031	17.338	21.214	3.8807	-0.56406	-9.9452	-15.159	-14.367	0
12.695	-0.87949	3.8689	17.341	21.229	3.9033	-0.58682	-9.9505	-15.159	-14.349	0
12.674	-0.90048	3.8347	17.344	21.244	3.9259	-0.60959	-9.9558	-15.159	-14.331	0
12.653	-0.92147	3.8005	17.347	21.259	3.9486	-0.63235	-9.9611	-15.159	-14.312	0
12.632	-0.94247	3.7663	17.349	21.273	3.9712	-0.65511	-9.9664	-15.159	-14.294	0
12.611	-0.96346	3.7321	17.352	21.288	3.9938	-0.67788	-9.9717	-15.159	-14.276	0
12.59	-0.98446	3.6978	17.355	21.303	4.0164	-0.70064	-9.977	-15.159	-14.258	0
12.569	-1.0054	3.6636	17.358	21.318	4.0391	-0.7234	-9.9822	-15.159	-14.239	0
12.548	-1.0264	3.6294	17.361	21.333	4.0617	-0.74617	-9.9875	-15.159	-14.221	0
12.538	-1.0453	3.5912	17.348	21.335	4.1042	-0.75938	-9.9886	-15.153	-14.197	0
12.533	-1.0635	3.5517	17.329	21.334	4.1527	-0.7697	-9.9884	-15.145	-14.171	0
12.527	-1.0817	3.5122	17.311	21.333	4.2012	-0.78001	-9.9882	-15.137	-14.145	0
12.521	-1.0998	3.4728	17.293	21.332	4.2497	-0.79033	-9.9879	-15.129	-14.118	0
12.516	-1.118	3.4333	17.275	21.331	4.2982	-0.80064	-9.9877	-15.121	-14.092	0
12.51	-1.1362	3.3938	17.257	21.33	4.3467	-0.81096	-9.9875	-15.113	-14.066	0
12.504	-1.1544	3.3543	17.238	21.329	4.3953	-0.82128	-9.9873	-15.105	-14.04	0
12.498	-1.1726	3.3149	17.22	21.328	4.4438	-0.83159	-9.9871	-15.097	-14.013	0
12.493	-1.1908	3.2754	17.202	21.327	4.4923	-0.84191	-9.9868	-15.089	-13.987	0
12.487	-1.209	3.2359	17.184	21.326	4.5408	-0.85222	-9.9866	-15.081	-13.961	0
12.481	-1.2272	3.1965	17.165	21.325	4.5893	-0.86254	-9.9864	-15.073	-13.935	0
12.476	-1.2454	3.157	17.147	21.324	4.6378	-0.87286	-9.9862	-15.065	-13.909	0
12.47	-1.2635	3.1175	17.129	21.323	4.6863	-0.88317	-9.986	-15.058	-13.882	0
12.464	-1.2817	3.078	17.111	21.322	4.7348	-0.89349	-9.9858	-15.05	-13.856	0
12.459	-1.2999	3.0386	17.092	21.321	4.7833	-0.9038	-9.9855	-15.042	-13.83	0
12.453	-1.3181	2.9991	17.074	21.32	4.8319	-0.91412	-9.9853	-15.034	-13.804	0
12.447	-1.3363	2.9596	17.056	21.319	4.8804	-0.92444	-9.9851	-15.026	-13.778	0
12.441	-1.3545	2.9202	17.038	21.318	4.9289	-0.93475	-9.9849	-15.018	-13.751	0
12.436	-1.3727	2.8807	17.019	21.317	4.9774	-0.94507	-9.9847	-15.01	-13.725	0
12.43	-1.3909	2.8412	17.001	21.316	5.0259	-0.95539	-9.9844	-15.002	-13.699	0
12.424	-1.409	2.8017	16.983	21.315	5.0744	-0.9657	-9.9842	-14.994	-13.673	0
12.419	-1.4272	2.7623	16.965	21.314	5.1229	-0.97602	-9.984	-14.986	-13.647	0
12.413	-1.4454	2.7228	16.946	21.313	5.1714	-0.98633	-9.9838	-14.978	-13.62	0
12.426	-1.4515	2.7021	16.917	21.304	5.2084	-0.97001	-9.9923	-14.977	-13.615	0
12.454	-1.447	2.6977	16.877	21.288	5.2355	-0.93051	-10.008	-14.982	-13.629	0
12.483	-1.4425	2.6933	16.837	21.272	5.2625	-0.89101	-10.025	-14.987	-13.642	0
12.512	-1.4381	2.6889	16.797	21.256	5.2895	-0.85151	-10.041	-14.992	-13.656	0
12.54	-1.4336	2.6846	16.758	21.24	5.3165	-0.81202	-10.057	-14.997	-13.669	0
12.569	-1.4291	2.6802	16.718	21.224	5.3436	-0.77252	-10.073	-15.002	-13.683	0
12.598	-1.4247	2.6758	16.678	21.208	5.3706	-0.73302	-10.089	-15.006	-13.696	0
12.626	-1.4202	2.6714	16.638	21.192	5.3976	-0.69352	-10.105	-15.011	-13.71	0
12.655	-1.4157	2.667	16.599	21.176	5.4246	-0.65403	-10.121	-15.016	-13.723	0
12.684	-1.4113	2.6627	16.559	21.16	5.4517	-0.61453	-10.137	-15.021	-13.737	0
12.712	-1.4068	2.6583	16.519	21.144	5.4787	-0.57503	-10.154	-15.026	-13.75	0
12.741	-1.4023	2.6539	16.48	21.128	5.5057	-0.53553	-10.17	-15.031	-13.763	0
12.77	-1.3978	2.6495	16.44	21.112	5.5327	-0.49604	-10.186	-15.036	-13.777	0
12.798	-1.3934	2.6451	16.4	21.095	5.5598	-0.45654	-10.202	-15.04	-13.79	0
12.827	-1.3889	2.6407	16.36	21.079	5.5868	-0.41704	-10.218	-15.045	-13.804	0
12.856	-1.3844	2.6364	16.321	21.063	5.6138	-0.37754	-10.234	-15.05	-13.817	0
12.884	-1.38	2.632	16.281	21.047	5.6408	-0.33805	-10.25	-15.055	-13.831	0
12.913	-1.3755	2.6276	16.241	21.031	5.6679	-0.29855	-10.266	-15.06	-13.844	0
12.942	-1.371	2.6232	16.201	21.015	5.6949	-0.25905	-10.283	-15.065	-13.858	0
12.97	-1.3666	2.6188	16.162	20.999	5.7219	-0.21955	-10.299	-15.07	-13.871	0
12.999	-1.3621	2.6145	16.122	20.983	5.7489	-0.18006	-10.315	-15.075	-13.885	0
13.028	-1.3576	2.6101	16.082	20.967	5.776	-0.14056	-10.331	-15.079	-13.898	0
13.056	-1.3532	2.6057	16.043	20.951	5.803	-0.10106	-10.347	-15.084	-13.912	0
13.077	-1.3541	2.5971	16.003	20.925	5.8296	-0.056116	-10.354	-15.075	-13.923	0
13.077	-1.3674	2.5787	15.965	20.877	5.8554	0.0014019	-10.338	-15.032	-13.928	0
13.078	-1.3807	2.5604	15.926	20.829	5.8812	0.058919	-10.322	-14.989	-13.934	0
13.079	-1.3941	2.5421	15.888	20.78	5.907	0.11644	-10.306	-14.946	-13.939	0
13.08	-1.4074	2.5237	15.849	20.732	5.9327	0.17395	-10.29	-14.904	-13.945	0
13.081	-1.4207	2.5054	15.811	20.684	5.9585	0.23147	-10.274	-14.861	-13.951	0
13.081	-1.4341	2.487	15.772	20.635	5.9843	0.28899	-10.258	-14.818	-13.956	0
13.082	-1.4474	2.4687	15.734	20.587	6.01	0.34651	-10.242	-14.775	-13.962	0
13.083	-1.4607	2.4504	15.695	20.539	6.0358	0.40402	-10.226	-14.733	-13.967	0
13.084	-1.4741	2.432	15.657	20.491	6.0616	0.46154	-10.21	-14.69	-13.973	0
13.085	-1.4874	2.4137	15.618	20.442	6.0873	0.51906	-10.194	-14.647	-13.978	0
13.085	-1.5007	2.3953	15.58	20.394	6.1131	0.57658	-10.178	-14.604	-13.984	0
13.086	-1.5141	2.377	15.542	20.346	6.1389	0.63409	-10.163	-14.562	-13.99	0
13.087	-1.5274	2.3587	15.503	20.297	6.1647	0.69161	-10.147	-14.519	-13.995	0
13.088	-1.5407	2.3403	15.465	20.249	6.1904	0.74913	-10.131	-14.476	-14.001	0
13.089	-1.5541	2.322	15.426	20.201	6.2162	0.80665	-10.115	-14.433	-14.006	0
13.089	-1.5674	2.3036	15.388	20.153	6.242	0.86416	-10.099	-14.391	-14.012	0
13.09	-1.5807	2.2853	15.349	20.104	6.2677	0.92168	-10.083	-14.348	-14.017	0
13.091	-1.5941	2.267	15.311	20.056	6.2935	0.9792	-10.067	-14.305	-14.023	0
13.092	-1.6074	2.2486	15.272	20.008	6.3193	1.0367	-10.051	-14.262	-14.029	0
13.093	-1.6207	2.2303	15.234	19.96	6.3451	1.0942	-10.035	-14.22	-14.034	0
13.093	-1.6341	2.2119	15.195	19.911	6.3708	1.1518	-10.019	-14.177	-14.04	0
13.094	-1.6474	2.1936	15.157	19.863	6.3966	1.2093	-10.003	-14.134	-14.045	0
13.093	-1.6605	2.1746	15.116	19.815	6.4204	1.2691	-9.9861	-14.09	-14.051	0
13.058	-1.671	2.1467	15.043	19.771	6.418	1.36	-9.9522	-14.028	-14.059	0
13.023	-1.6815	2.1189	14.97	19.728	6.4156	1.451	-9.9184	-13.965	-14.068	0
12.988	-1.6921	2.091	14.897	19.684	6.4132	1.5419	-9.8845	-13.903	-14.076	0
12.953	-1.7026	2.0632	14.824	19.64	6.4108	1.6328	-9.8506	-13.84	-14.084	0
12.919	-1.7131	2.0353	14.751	19.596	6.4084	1.7237	-9.8167	-13.778	-14.092	0
12.884	-1.7236	2.0074	14.678	19.553	6.406	1.8147	-9.7828	-13.715	-14.101	0
12.849	-1.7341	1.9796	14.604	19.509	6.4036	1.9056	-9.749	-13.653	-14.109	0
12.814	-1.7446	1.9517	14.531	19.465	6.4012	1.9965	-9.7151	-13.591	-14.117	0
12.78	-1.7551	1.9238	14.458	19.422	6.3988	2.0874	-9.6812	-13.528	-14.125	0
12.745	-1.7656	1.896	14.385	19.378	6.3964	2.1784	-9.6473	-13.466	-14.134	0
12.71	-1.7762	1.8681	14.312	19.334	6.394	2.2693	-9.6134	-13.403	-14.142	0
12.675	-1.7867	1.8403	14.239	19.29	6.3916	2.3602	-9.5795	-13.341	-14.15	0
12.64	-1.7972	1.8124	14.166	19.247	6.3892	2.4511	-9.5457	-13.278	-14.158	0
12.606	-1.8077	1.7845	14.093	19.203	6.3868	2.5421	-9.5118	-13.216	-14.167	0
12.571	-1.8182	1.7567	14.02	19.159	6.3844	2.633	-9.4779	-13.154	-14.175	0
12.536	-1.8287	1.7288	13.947	19.116	6.382	2.7239	-9.444	-13.091	-14.183	0
12.501	-1.8392	1.701	13.874	19.072	6.3796	2.8148	-9.4101	-13.029	-14.191	0
12.467	-1.8497	1.6731	13.801	19.028	6.3772	2.9057	-9.3763	-12.966	-14.2	0
12.432	-1.8603	1.6452	13.728	18.985	6.3748	2.9967	-9.3424	-12.904	-14.208	0
12.397	-1.8708	1.6174	13.655	18.941	6.3724	3.0876	-9.3085	-12.841	-14.216	0
12.362	-1.8813	1.5895	13.582	18.897	6.37	3.1785	-9.2746	-12.779	-14.225	0
12.328	-1.8918	1.5617	13.508	18.853	6.3676	3.2694	-9.2407	-12.717	-14.233	0
12.293	-1.9023	1.5338	13.435	18.81	6.3652	3.3604	-9.2068	-12.654	-14.241	0
12.268	-1.9044	1.5154	13.369	18.74	6.3744	3.4101	-9.1761	-12.586	-14.216	0
12.245	-1.905	1.4988	13.304	18.665	6.3859	3.4519	-9.1459	-12.516	-14.184	0
12.222	-1.9055	1.4822	13.239	18.59	6.3974	3.4936	-9.1157	-12.447	-14.152	0
12.199	-1.906	1.4656	13.173	18.516	6.4089	3.5354	-9.0855	-12.378	-14.12	0
12.176	-1.9065	1.449	13.108	18.441	6.4204	3.5771	-9.0554	-12.308	-14.087	0
12.153	-1.9071	1.4324	13.043	18.366	6.4318	3.6189	-9.0252	-12.239	-14.055	0
12.13	-1.9076	1.4158	12.978	18.291	6.4433	3.6606	-8.995	-12.169	-14.023	0
12.107	-1.9081	1.3992	12.913	18.217	6.4548	3.7024	-8.9648	-12.1	-13.991	0
12.084	-1.9086	1.3826	12.847	18.142	6.4663	3.7441	-8.9347	-12.03	-13.959	0
12.061	-1.9092	1.3661	12.782	18.067	6.4778	3.7859	-8.9045	-11.961	-13.927	0
12.038	-1.9097	1.3495	12.717	17.992	6.4892	3.8276	-8.8743	-11.891	-13.895	0
12.015	-1.9102	1.3329	12.652	17.917	6.5007	3.8694	-8.8441	-11.822	-13.863	0
11.992	-1.9107	1.3163	12.587	17.843	6.5122	3.9111	-8.814	-11.753	-13.831	0
11.969	-1.9113	1.2997	12.521	17.768	6.5237	3.9529	-8.7838	-11.683	-13.799	0
11.946	-1.9118	1.2831	12.456	17.693	6.5352	3.9946	-8.7536	-11.614	-13.767	0
11.923	-1.9123	1.2665	12.391	17.618	6.5467	4.0364	-8.7234	-11.544	-13.735	0
11.9	-1.9128	1.2499	12.326	17.544	6.5581	4.0782	-8.6933	-11.475	-13.703	0
11.877	-1.9134	1.2333	12.26	17.469	6.5696	4.1199	-8.6631	-11.405	-13.671	0
11.854	-1.9139	1.2167	12.195	17.394	6.5811	4.1617	-8.6329	-11.336	-13.639	0
11.831	-1.9144	1.2001	12.13	17.319	6.5926	4.2034	-8.6027	-11.267	-13.607	0
11.808	-1.9149	1.1836	12.065	17.244	6.6041	4.2452	-8.5726	-11.197	-13.575	0
11.785	-1.9155	1.167	12	17.17	6.6155	4.2869	-8.5424	-11.128	-13.543	0
11.762	-1.916	1.1504	11.934	17.095	6.627	4.3287	-8.5122	-11.058	-13.511	0
11.722	-1.9192	1.1313	11.88	16.997	6.6408	4.3534	-8.4805	-10.979	-13.457	0
11.67	-1.9241	1.1107	11.833	16.885	6.656	4.367	-8.4478	-10.893	-13.389	0
11.619	-1.929	1.0901	11.786	16.773	6.6713	4.3806	-8.4151	-10.808	-13.321	0
11.567	-1.934	1.0695	11.739	16.661	6.6865	4.3942	-8.3823	-10.722	-13.253	0
11.516	-1.9389	1.0488	11.692	16.549	6.7017	4.4078	-8.3496	-10.637	-13.185	0
11.464	-1.9438	1.0282	11.644	16.437	6.717	4.4214	-8.3169	-10.551	-13.117	0
11.413	-1.9488	1.0076	11.597	16.325	6.7322	4.435	-8.2842	-10.465	-13.049	0
11.361	-1.9537	0.98696	11.55	16.213	6.7474	4.4486	-8.2515	-10.38	-12.981	0
11.31	-1.9586	0.96634	11.503	16.1	6.7627	4.4622	-8.2188	-10.294	-12.913	0
11.258	-1.9636	0.94571	11.456	15.988	6.7779	4.4757	-8.186	-10.209	-12.845	0
11.207	-1.9685	0.92509	11.409	15.876	6.7931	4.4893	-8.1533	-10.123	-12.777	0
11.155	-1.9734	0.90446	11.362	15.764	6.8084	4.5029	-8.1206	-10.037	-12.709	0
11.104	-1.9784	0.88384	11.315	15.652	6.8236	4.5165	-8.0879	-9.9518	-12.641	0
11.052	-1.9833	0.86321	11.267	15.54	6.8389	4.5301	-8.0552	-9.8662	-12.572	0
11	-1.9882	0.84259	11.22	15.428	6.8541	4.5437	-8.0225	-9.7806	-12.504	0
10.949	-1.9932	0.82196	11.173	15.315	6.8693	4.5573	-7.9897	-9.695	-12.436	0
10.897	-1.9981	0.80133	11.126	15.203	6.8846	4.5709	-7.957	-9.6094	-12.368	0
10.846	-2.003	0.78071	11.079	15.091	6.8998	4.5845	-7.9243	-9.5238	-12.3	0
10.794	-2.008	0.76008	11.032	14.979	6.915	4.5981	-7.8916	-9.4382	-12.232	0
10.743	-2.0129	0.73946	10.985	14.867	6.9303	4.6117	-7.8589	-9.3526	-12.164	0
10.691	-2.0178	0.71883	10.937	14.755	6.9455	4.6253	-7.8262	-9.267	-12.096	0
10.64	-2.0227	0.69821	10.89	14.643	6.9608	4.6389	-7.7934	-9.1814	-12.028	0
10.588	-2.0277	0.67758	10.843	14.53	6.976	4.6525	-7.7607	-9.0958	-11.96	0
10.533	-2.0339	0.65185	10.791	14.427	6.9746	4.6709	-7.7227	-9.0105	-11.896	0
10.47	-2.0422	0.61751	10.732	14.339	6.945	4.6973	-7.6759	-8.926	-11.839	0
10.408	-2.0506	0.58317	10.672	14.251	6.9155	4.7238	-7.629	-8.8414	-11.782	0
10.345	-2.0589	0.54882	10.612	14.162	6.886	4.7503	-7.5821	-8.7568	-11.725	0
10.283	-2.0673	0.51448	10.552	14.074	6.8565	4.7768	-7.5352	-8.6722	-11.668	0
10.22	-2.0757	0.48013	10.493	13.986	6.827	4.8032	-7.4884	-8.5876	-11.611	0
10.157	-2.084	0.44579	10.433	13.897	6.7974	4.8297	-7.4415	-8.503	-11.553	0
10.095	-2.0924	0.41145	10.373	13.809	6.7679	4.8562	-7.3946	-8.4185	-11.496	0
10.032	-2.1007	0.3771	10.313	13.721	6.7384	4.8827	-7.3477	-8.3339	-11.439	0
9.9698	-2.1091	0.34276	10.254	13.632	6.7089	4.9092	-7.3008	-8.2493	-11.382	0
9.9073	-2.1174	0.30841	10.194	13.544	6.6794	4.9356	-7.254	-8.1647	-11.325	0
9.8447	-2.1258	0.27407	10.134	13.456	6.6498	4.9621	-7.2071	-8.0801	-11.268	0
9.7822	-2.1341	0.23973	10.074	13.367	6.6203	4.9886	-7.1602	-7.9955	-11.211	0
9.7196	-2.1425	0.20538	10.015	13.279	6.5908	5.0151	-7.1133	-7.911	-11.154	0
9.6571	-2.1508	0.17104	9.955	13.191	6.5613	5.0415	-7.0665	-7.8264	-11.097	0
9.5945	-2.1592	0.13669	9.8952	13.102	6.5317	5.068	-7.0196	-7.7418	-11.04	0
9.532	-2.1676	0.10235	9.8355	13.014	6.5022	5.0945	-6.9727	-7.6572	-10.983	0
9.4694	-2.1759	0.068006	9.7758	12.926	6.4727	5.121	-6.9258	-7.5726	-10.925	0
9.4069	-2.1843	0.033662	9.716	12.837	6.4432	5.1474	-6.879	-7.488	-10.868	0
9.3443	-2.1926	-0.000682	9.6563	12.749	6.4137	5.1739	-6.8321	-7.4035	-10.811	0
9.2818	-2.201	-0.035026	9.5965	12.661	6.3841	5.2004	-6.7852	-7.3189	-10.754	0
9.2192	-2.2093	-0.06937	9.5368	12.572	6.3546	5.2269	-6.7383	-7.2343	-10.697	0
9.1567	-2.2177	-0.10371	9.4771	12.484	6.3251	5.2533	-6.6914	-7.1497	-10.64	0
9.0917	-2.2257	-0.14017	9.4179	12.389	6.3001	5.2785	-6.6468	-7.0658	-10.581	0
9.0114	-2.2316	-0.18962	9.3625	12.25	6.3028	5.2956	-6.6157	-6.986	-10.511	0
8.9311	-2.2375	-0.23907	9.3072	12.111	6.3055	5.3128	-6.5847	-6.9062	-10.441	0
8.8507	-2.2434	-0.28852	9.2518	11.972	6.3083	5.3299	-6.5537	-6.8265	-10.371	0
8.7704	-2.2493	-0.33798	9.1964	11.833	6.311	5.3471	-6.5226	-6.7467	-10.301	0
8.6901	-2.2552	-0.38743	9.141	11.694	6.3137	5.3642	-6.4916	-6.6669	-10.231	0
8.6098	-2.2611	-0.43688	9.0856	11.555	6.3165	5.3813	-6.4605	-6.5871	-10.161	0
8.5295	-2.267	-0.48634	9.0302	11.416	6.3192	5.3985	-6.4295	-6.5073	-10.091	0
8.4492	-2.2729	-0.53579	8.9748	11.277	6.3219	5.4156	-6.3984	-6.4276	-10.021	0
8.3689	-2.2788	-0.58524	8.9194	11.138	6.3247	5.4327	-6.3674	-6.3478	-9.9508	0
8.2886	-2.2847	-0.6347	8.864	10.999	6.3274	5.4499	-6.3364	-6.268	-9.8808	0
8.2083	-2.2906	-0.68415	8.8086	10.86	6.3301	5.467	-6.3053	-6.1882	-9.8108	0
8.128	-2.2965	-0.7336	8.7532	10.721	6.3329	5.4842	-6.2743	-6.1084	-9.7408	0
8.0477	-2.3024	-0.78305	8.6978	10.582	6.3356	5.5013	-6.2432	-6.0287	-9.6707	0
7.9674	-2.3083	-0.83251	8.6424	10.443	6.3384	5.5184	-6.2122	-5.9489	-9.6007	0
7.8871	-2.3142	-0.88196	8.5871	10.304	6.3411	5.5356	-6.1812	-5.8691	-9.5307	0
7.8068	-2.3201	-0.93141	8.5317	10.165	6.3438	5.5527	-6.1501	-5.7893	-9.4607	0
7.7265	-2.326	-0.98087	8.4763	10.026	6.3466	5.5699	-6.1191	-5.7095	-9.3907	0
7.6462	-2.332	-1.0303	8.4209	9.8874	6.3493	5.587	-6.088	-5.6298	-9.3206	0
7.5659	-2.3379	-1.0798	8.3655	9.7484	6.352	5.6041	-6.057	-5.55	-9.2506	0
7.4856	-2.3438	-1.1292	8.3101	9.6094	6.3548	5.6213	-6.0259	-5.4702	-9.1806	0
7.4053	-2.3497	-1.1787	8.2547	9.4705	6.3575	5.6384	-5.9949	-5.3904	-9.1106	0
7.3249	-2.3556	-1.2281	8.1993	9.3315	6.3602	5.6555	-5.9639	-5.3106	-9.0405	0
7.2446	-2.3615	-1.2776	8.1439	9.1926	6.363	5.6727	-5.9328	-5.2309	-8.9705	0
7.1587	-2.3669	-1.3205	8.0745	9.033	6.3574	5.667	-5.8879	-5.1481	-8.8839	0
7.0723	-2.3722	-1.3627	8.0036	8.8713	6.3511	5.6589	-5.8415	-5.0651	-8.7956	0
6.9858	-2.3775	-1.405	7.9327	8.7096	6.3447	5.6508	-5.7952	-4.9821	-8.7072	0
6.8993	-2.3829	-1.4472	7.8618	8.5479	6.3384	5.6428	-5.7488	-4.8991	-8.6189	0
6.8129	-2.3882	-1.4895	7.7909	8.3862	6.332	5.6347	-5.7024	-4.816	-8.5306	0
6.7264	-2.3935	-1.5317	7.72	8.2245	6.3256	5.6266	-5.6561	-4.733	-8.4422	0
6.6399	-2.3989	-1.574	7.6492	8.0628	6.3193	5.6186	-5.6097	-4.65	-8.3539	0
6.5535	-2.4042	-1.6162	7.5783	7.9011	6.3129	5.6105	-5.5634	-4.5669	-8.2656	0
6.467	-2.4095	-1.6585	7.5074	7.7394	6.3066	5.6024	-5.517	-4.4839	-8.1772	0
6.3805	-2.4149	-1.7007	7.4365	7.5776	6.3002	5.5944	-5.4706	-4.4009	-8.0889	0
6.294	-2.4202	-1.7429	7.3656	7.4159	6.2939	5.5863	-5.4243	-4.3179	-8.0006	0
6.2076	-2.4255	-1.7852	7.2947	7.2542	6.2875	5.5782	-5.3779	-4.2348	-7.9123	0
6.1211	-2.4309	-1.8274	7.2239	7.0925	6.2811	5.5702	-5.3316	-4.1518	-7.8239	0
6.0346	-2.4362	-1.8697	7.153	6.9308	6.2748	5.5621	-5.2852	-4.0688	-7.7356	0
5.9482	-2.4415	-1.9119	7.0821	6.7691	6.2684	5.554	-5.2388	-3.9857	-7.6473	0
5.8617	-2.4469	-1.9542	7.0112	6.6074	6.2621	5.546	-5.1925	-3.9027	-7.5589	0
5.7752	-2.4522	-1.9964	6.9403	6.4457	6.2557	5.5379	-5.1461	-3.8197	-7.4706	0
5.6887	-2.4575	-2.0387	6.8694	6.284	6.2493	5.5298	-5.0998	-3.7367	-7.3823	0
5.6023	-2.4629	-2.0809	6.7985	6.1223	6.243	5.5218	-5.0534	-3.6536	-7.2939	0
5.5158	-2.4682	-2.1232	6.7277	5.9606	6.2366	5.5137	-5.007	-3.5706	-7.2056	0
5.4293	-2.4735	-2.1654	6.6568	5.7989	6.2303	5.5057	-4.9607	-3.4876	-7.1173	0
5.3429	-2.4789	-2.2076	6.5859	5.6372	6.2239	5.4976	-4.9143	-3.4045	-7.0289	0
5.2564	-2.4842	-2.2499	6.515	5.4755	6.2175	5.4895	-4.868	-3.3215	-6.9406	0
5.1424	-2.4914	-2.2984	6.4294	5.3098	6.2009	5.4846	-4.8034	-3.233	-6.8635	0
5.015	-2.4995	-2.35	6.3366	5.1422	6.1792	5.4811	-4.73	-3.1419	-6.7919	0
4.8877	-2.5076	-2.4016	6.2438	4.9745	6.1576	5.4777	-4.6566	-3.0508	-6.7203	0
4.7603	-2.5157	-2.4532	6.151	4.8069	6.136	5.4742	-4.5833	-2.9596	-6.6486	0
4.633	-2.5237	-2.5048	6.0583	4.6392	6.1143	5.4707	-4.5099	-2.8685	-6.577	0
4.5056	-2.5318	-2.5564	5.9655	4.4716	6.0927	5.4673	-4.4365	-2.7773	-6.5054	0
4.3783	-2.5399	-2.6079	5.8727	4.304	6.0711	5.4638	-4.3632	-2.6862	-6.4337	0
4.2509	-2.548	-2.6595	5.7799	4.1363	6.0494	5.4604	-4.2898	-2.5951	-6.3621	0
4.1236	-2.5561	-2.7111	5.6872	3.9687	6.0278	5.4569	-4.2164	-2.5039	-6.2904	0
3.9962	-2.5642	-2.7627	5.5944	3.801	6.0062	5.4535	-4.143	-2.4128	-6.2188	0
3.8689	-2.5723	-2.8143	5.5016	3.6334	5.9845	5.45	-4.0697	-2.3217	-6.1472	0
3.7415	-2.5804	-2.8659	5.4088	3.4658	5.9629	5.4465	-3.9963	-2.2305	-6.0755	0
3.6142	-2.5885	-2.9175	5.3161	3.2981	5.9413	5.4431	-3.9229	-2.1394	-6.0039	0
3.4868	-2.5966	-2.969	5.2233	3.1305	5.9196	5.4396	-3.8496	-2.0482	-5.9323	0
3.3595	-2.6047	-3.0206	5.1305	2.9628	5.898	5.4362	-3.7762	-1.9571	-5.8606	0
3.2321	-2.6128	-3.0722	5.0377	2.7952	5.8764	5.4327	-3.7028	-1.866	-5.789	0
3.1048	-2.6209	-3.1238	4.945	2.6276	5.8547	5.4293	-3.6295	-1.7748	-5.7173	0
2.9774	-2.6289	-3.1754	4.8522	2.4599	5.8331	5.4258	-3.5561	-1.6837	-5.6457	0
2.8501	-2.637	-3.227	4.7594	2.2923	5.8115	5.4223	-3.4827	-1.5926	-5.5741	0
2.7227	-2.6451	-3.2786	4.6666	2.1246	5.7898	5.4189	-3.4093	-1.5014	-5.5024	0
2.5954	-2.6532	-3.3302	4.5739	1.957	5.7682	5.4154	-3.336	-1.4103	-5.4308	0
2.4681	-2.6613	-3.3817	4.4811	1.7894	5.7466	5.412	-3.2626	-1.3191	-5.3592	0
2.3407	-2.6694	-3.4333	4.3883	1.6217	5.7249	5.4085	-3.1892	-1.228	-5.2875	0
2.2187	-2.6654	-3.4782	4.2796	1.4793	5.6749	5.4339	-3.121	-1.1358	-5.2301	0
2.1033	-2.646	-3.5146	4.1507	1.3688	5.5892	5.4958	-3.0592	-1.0421	-5.1906	0
1.9879	-2.6266	-3.551	4.0218	1.2583	5.5034	5.5577	-2.9975	-0.9485	-5.1511	0
1.8726	-2.6072	-3.5874	3.8928	1.1478	5.4176	5.6195	-2.9358	-0.85487	-5.1116	0
1.7572	-2.5878	-3.6239	3.7639	1.0372	5.3319	5.6814	-2.874	-0.76123	-5.0721	0
1.6419	-2.5684	-3.6603	3.635	0.92673	5.2461	5.7433	-2.8123	-0.6676	-5.0326	0
1.5265	-2.549	-3.6967	3.5061	0.81621	5.1603	5.8052	-2.7505	-0.57396	-4.9931	0
1.4112	-2.5296	-3.7331	3.3772	0.70569	5.0745	5.867	-2.6888	-0.48033	-4.9536	0
1.2958	-2.5102	-3.7695	3.2483	0.59517	4.9888	5.9289	-2.627	-0.38669	-4.9141	0
1.1805	-2.4908	-3.8059	3.1194	0.48465	4.903	5.9908	-2.5653	-0.29306	-4.8746	0
1.0651	-2.4715	-3.8423	2.9905	0.37413	4.8172	6.0526	-2.5035	-0.19943	-4.8351	0
0.94974	-2.4521	-3.8788	2.8615	0.26361	4.7314	6.1145	-2.4418	-0.10579	-4.7956	0
0.83439	-2.4327	-3.9152	2.7326	0.15309	4.6457	6.1764	-2.38	-0.012158	-4.7561	0
0.71903	-2.4133	-3.9516	2.6037	0.042572	4.5599	6.2383	-2.3183	0.081477	-4.7166	0
0.60368	-2.3939	-3.988	2.4748	-0.067947	4.4741	6.3001	-2.2566	0.17511	-4.6771	0
0.48832	-2.3745	-4.0244	2.3459	-0.17847	4.3884	6.362	-2.1948	0.26875	-4.6376	0
0.37297	-2.3551	-4.0608	2.217	-0.28899	4.3026	6.4239	-2.1331	0.36238	-4.5981	0
0.25761	-2.3357	-4.0972	2.0881	-0.39951	4.2168	6.4857	-2.0713	0.45601	-4.5586	0
0.14225	-2.3163	-4.1337	1.9592	-0.51002	4.131	6.5476	-2.0096	0.54965	-4.5191	0
0.026898	-2.2969	-4.1701	1.8302	-0.62054	4.0453	6.6095	-1.9478	0.64328	-4.4796	0
-0.088458	-2.2775	-4.2065	1.7013	-0.73106	3.9595	6.6714	-1.8861	0.73692	-4.4401	0
-0.20381	-2.2582	-4.2429	1.5724	-0.84158	3.8737	6.7332	-1.8243	0.83055	-4.4007	0
-0.31917	-2.2388	-4.2793	1.4435	-0.9521	3.7879	6.7951	-1.7626	0.92418	-4.3612	0
-0.43614	-2.2231	-4.3165	1.3241	-1.0693	3.7159	6.8427	-1.6991	1.0162	-4.311	0
-0.55924	-2.2215	-4.3563	1.2406	-1.2115	3.6959	6.8361	-1.629	1.1019	-4.2206	0
-0.68233	-2.22	-4.3962	1.157	-1.3537	3.6759	6.8296	-1.5589	1.1876	-4.1303	0
-0.80543	-2.2184	-4.436	1.0735	-1.496	3.6558	6.8231	-1.4889	1.2733	-4.0399	0
-0.92852	-2.2168	-4.4759	0.98999	-1.6382	3.6358	6.8166	-1.4188	1.359	-3.9495	0
-1.0516	-2.2152	-4.5157	0.90646	-1.7805	3.6158	6.8101	-1.3487	1.4447	-3.8591	0
-1.1747	-2.2137	-4.5556	0.82294	-1.9227	3.5957	6.8036	-1.2786	1.5304	-3.7688	0
-1.2978	-2.2121	-4.5954	0.73941	-2.0649	3.5757	6.797	-1.2085	1.6161	-3.6784	0
-1.4209	-2.2105	-4.6353	0.65588	-2.2072	3.5556	6.7905	-1.1384	1.7018	-3.588	0
-1.544	-2.209	-4.6752	0.57235	-2.3494	3.5356	6.784	-1.0684	1.7875	-3.4976	0
-1.6671	-2.2074	-4.715	0.48883	-2.4916	3.5156	6.7775	-0.99828	1.8732	-3.4073	0
-1.7902	-2.2058	-4.7549	0.4053	-2.6339	3.4955	6.771	-0.9282	1.959	-3.3169	0
-1.9133	-2.2042	-4.7947	0.32177	-2.7761	3.4755	6.7644	-0.85812	2.0447	-3.2265	0
-2.0364	-2.2027	-4.8346	0.23825	-2.9184	3.4555	6.7579	-0.78804	2.1304	-3.1361	0
-2.1595	-2.2011	-4.8744	0.15472	-3.0606	3.4354	6.7514	-0.71795	2.2161	-3.0457	0
-2.2825	-2.1995	-4.9143	0.071192	-3.2028	3.4154	6.7449	-0.64787	2.3018	-2.9554	0
-2.4056	-2.198	-4.9541	-0.012336	-3.3451	3.3954	6.7384	-0.57779	2.3875	-2.865	0
-2.5287	-2.1964	-4.994	-0.095863	-3.4873	3.3753	6.7318	-0.50771	2.4732	-2.7746	0
-2.6518	-2.1948	-5.0338	-0.17939	-3.6295	3.3553	6.7253	-0.43762	2.5589	-2.6842	0
-2.7749	-2.1932	-5.0737	-0.26292	-3.7718	3.3353	6.7188	-0.36754	2.6446	-2.5939	0
-2.898	-2.1917	-5.1136	-0.34644	-3.914	3.3152	6.7123	-0.29746	2.7303	-2.5035	0
-3.0211	-2.1901	-5.1534	-0.42997	-4.0563	3.2952	6.7058	-0.22738	2.816	-2.4131	0
-3.1442	-2.1885	-5.1933	-0.5135	-4.1985	3.2752	6.6993	-0.15729	2.9018	-2.3227	0
-3.2673	-2.1869	-5.2331	-0.59703	-4.3407	3.2551	6.6927	-0.087212	2.9875	-2.2324	0
-3.3903	-2.1773	-5.2465	-0.69083	-4.4326	3.1714	6.6912	0.0041692	3.0626	-2.1812	0
-3.5133	-2.1675	-5.2592	-0.78487	-4.5233	3.0862	6.6898	0.096057	3.1376	-2.1311	0
-3.6363	-2.1576	-5.272	-0.87892	-4.614	3.001	6.6884	0.18795	3.2125	-2.0809	0
-3.7593	-2.1478	-5.2847	-0.97297	-4.7047	2.9159	6.687	0.27983	3.2874	-2.0307	0
-3.8823	-2.138	-5.2974	-1.067	-4.7954	2.8307	6.6856	0.37172	3.3624	-1.9805	0
-4.0053	-2.1281	-5.3102	-1.1611	-4.8861	2.7455	6.6842	0.46361	3.4373	-1.9303	0
-4.1283	-2.1183	-5.3229	-1.2551	-4.9768	2.6603	6.6828	0.5555	3.5122	-1.8801	0
-4.2513	-2.1085	-5.3356	-1.3492	-5.0675	2.5751	6.6814	0.64739	3.5871	-1.8299	0
-4.3743	-2.0986	-5.3484	-1.4432	-5.1582	2.4899	6.68	0.73927	3.6621	-1.7797	0
-4.4973	-2.0888	-5.3611	-1.5372	-5.2488	2.4047	6.6786	0.83116	3.737	-1.7295	0
-4.6203	-2.079	-5.3738	-1.6313	-5.3395	2.3195	6.6772	0.92305	3.8119	-1.6793	0
-4.7433	-2.0691	-5.3866	-1.7253	-5.4302	2.2343	6.6758	1.0149	3.8868	-1.6292	0
-4.8663	-2.0593	-5.3993	-1.8194	-5.5209	2.1491	6.6744	1.1068	3.9618	-1.579	0
-4.9893	-2.0495	-5.412	-1.9134	-5.6116	2.0639	6.673	1.1987	4.0367	-1.5288	0
-5.1123	-2.0396	-5.4248	-2.0075	-5.7023	1.9787	6.6716	1.2906	4.1116	-1.4786	0
-5.2353	-2.0298	-5.4375	-2.1015	-5.793	1.8935	6.6702	1.3825	4.1866	-1.4284	0
-5.3583	-2.02	-5.4502	-2.1956	-5.8837	1.8083	6.6688	1.4744	4.2615	-1.3782	0
-5.4813	-2.0101	-5.463	-2.2896	-5.9744	1.7231	6.6673	1.5663	4.3364	-1.328	0
-5.6043	-2.0003	-5.4757	-2.3837	-6.0651	1.6379	6.6659	1.6582	4.4113	-1.2778	0
-5.7273	-1.9905	-5.4884	-2.4777	-6.1558	1.5527	6.6645	1.75	4.4863	-1.2276	0
-5.8503	-1.9806	-5.5012	-2.5718	-6.2464	1.4675	6.6631	1.8419	4.5612	-1.1775	0
-5.9733	-1.9708	-5.5139	-2.6658	-6.3371	1.3823	6.6617	1.9338	4.6361	-1.1273	0
-6.0963	-1.961	-5.5266	-2.7599	-6.4278	1.2971	6.6603	2.0257	4.7111	-1.0771	0
-6.1824	-1.9358	-5.5216	-2.8538	-6.5257	1.2103	6.6389	2.1184	4.809	-1.002	0
-6.2559	-1.9053	-5.5105	-2.9477	-6.6261	1.1228	6.6106	2.2114	4.915	-0.91841	0
-6.3293	-1.8748	-5.4993	-3.0417	-6.7266	1.0354	6.5823	2.3043	5.0209	-0.83481	0
-6.4027	-1.8443	-5.4882	-3.1356	-6.827	0.94797	6.554	2.3973	5.1268	-0.75121	0
-6.4762	-1.8139	-5.4771	-3.2295	-6.9274	0.86053	6.5257	2.4902	5.2327	-0.6676	0
-6.5496	-1.7834	-5.466	-3.3235	-7.0278	0.77309	6.4975	2.5832	5.3386	-0.584	0
-6.623	-1.7529	-5.4548	-3.4174	-7.1282	0.68566	6.4692	2.6761	5.4445	-0.5004	0
-6.6964	-1.7225	-5.4437	-3.5113	-7.2286	0.59822	6.4409	2.7691	5.5505	-0.4168	0
-6.7699	-1.692	-5.4326	-3.6052	-7.329	0.51078	6.4126	2.8621	5.6564	-0.33319	0
-6.8433	-1.6615	-5.4214	-3.6992	-7.4294	0.42335	6.3843	2.955	5.7623	-0.24959	0
-6.9167	-1.631	-5.4103	-3.7931	-7.5298	0.33591	6.356	3.048	5.8682	-0.16599	0
-6.9902	-1.6006	-5.3992	-3.887	-7.6302	0.24847	6.3277	3.1409	5.9741	-0.082385	0
-7.0636	-1.5701	-5.3881	-3.981	-7.7306	0.16104	6.2994	3.2339	6.08	0.0012173	0
-7.137	-1.5396	-5.3769	-4.0749	-7.831	0.073598	6.2711	3.3269	6.186	0.08482	0
-7.2105	-1.5091	-5.3658	-4.1688	-7.9314	-0.013839	6.2428	3.4198	6.2919	0.16842	0
-7.2839	-1.4787	-5.3547	-4.2627	-8.0318	-0.10128	6.2145	3.5128	6.3978	0.25203	0
-7.3573	-1.4482	-5.3435	-4.3567	-8.1322	-0.18871	6.1862	3.6057	6.5037	0.33563	0
-7.4308	-1.4177	-5.3324	-4.4506	-8.2326	-0.27615	6.1579	3.6987	6.6096	0.41923	0
-7.5042	-1.3873	-5.3213	-4.5445	-8.333	-0.36359	6.1296	3.7917	6.7155	0.50283	0
-7.5776	-1.3568	-5.3102	-4.6385	-8.4334	-0.45102	6.1013	3.8846	6.8215	0.58644	0
-7.651	-1.3263	-5.299	-4.7324	-8.5338	-0.53846	6.0731	3.9776	6.9274	0.67004	0
-7.7245	-1.2958	-5.2879	-4.8263	-8.6342	-0.6259	6.0448	4.0705	7.0333	0.75364	0
-7.7979	-1.2654	-5.2768	-4.9203	-8.7346	-0.71334	6.0165	4.1635	7.1392	0.83724	0
-7.8706	-1.2392	-5.2644	-5.0081	-8.8394	-0.79914	5.9983	4.2473	7.2413	0.91599	0
-7.9425	-1.2171	-5.251	-5.0901	-8.9484	-0.88338	5.9899	4.3225	7.3397	0.9901	0
-8.0144	-1.195	-5.2375	-5.1721	-9.0573	-0.96762	5.9814	4.3976	7.4382	1.0642	0
-8.0863	-1.1729	-5.2241	-5.2541	-9.1662	-1.0519	5.9729	4.4728	7.5366	1.1383	0
-8.1582	-1.1508	-5.2106	-5.3361	-9.2752	-1.1361	5.9645	4.5479	7.6351	1.2124	0
-8.2302	-1.1287	-5.1972	-5.4181	-9.3841	-1.2203	5.956	4.623	7.7335	1.2865	0
-8.3021	-1.1067	-5.1837	-5.5001	-9.4931	-1.3046	5.9476	4.6982	7.832	1.3607	0
-8.374	-1.0846	-5.1702	-5.5821	-9.602	-1.3888	5.9391	4.7733	7.9304	1.4348	0
-8.4459	-1.0625	-5.1568	-5.6641	-9.711	-1.4731	5.9306	4.8484	8.0289	1.5089	0
-8.5178	-1.0404	-5.1433	-5.7461	-9.8199	-1.5573	5.9222	4.9236	8.1273	1.583	0
-8.5898	-1.0183	-5.1299	-5.828	-9.9289	-1.6416	5.9137	4.9987	8.2257	1.6571	0
-8.6617	-0.99621	-5.1164	-5.91	-10.038	-1.7258	5.9052	5.0739	8.3242	1.7312	0
-8.7336	-0.97413	-5.1029	-5.992	-10.147	-1.81	5.8968	5.149	8.4226	1.8053	0
-8.8055	-0.95204	-5.0895	-6.074	-10.256	-1.8943	5.8883	5.2241	8.5211	1.8794	0
-8.8774	-0.92995	-5.076	-6.156	-10.365	-1.9785	5.8799	5.2993	8.6195	1.9535	0
-8.9494	-0.90786	-5.0626	-6.238	-10.474	-2.0628	5.8714	5.3744	8.718	2.0277	0
-9.0213	-0.88578	-5.0491	-6.32	-10.583	-2.147	5.8629	5.4496	8.8164	2.1018	0
-9.0932	-0.86369	-5.0356	-6.402	-10.691	-2.2313	5.8545	5.5247	8.9149	2.1759	0
-9.1651	-0.8416	-5.0222	-6.484	-10.8	-2.3155	5.846	5.5998	9.0133	2.25	0
-9.237	-0.81951	-5.0087	-6.566	-10.909	-2.3997	5.8376	5.675	9.1117	2.3241	0
-9.309	-0.79742	-4.9953	-6.648	-11.018	-2.484	5.8291	5.7501	9.2102	2.3982	0
-9.3809	-0.77534	-4.9818	-6.73	-11.127	-2.5682	5.8206	5.8253	9.3086	2.4723	0
-9.4528	-0.75325	-4.9684	-6.812	-11.236	-2.6525	5.8122	5.9004	9.4071	2.5464	0
-9.5226	-0.73946	-4.964	-6.8741	-11.331	-2.7575	5.7967	5.9835	9.5084	2.628	0
-9.5869	-0.7471	-4.983	-6.8848	-11.391	-2.9161	5.7629	6.0869	9.6171	2.7287	0
-9.6513	-0.75475	-5.002	-6.8955	-11.45	-3.0747	5.7292	6.1904	9.7258	2.8294	0
-9.7156	-0.76239	-5.021	-6.9061	-11.509	-3.2333	5.6955	6.2939	9.8345	2.9302	0
-9.78	-0.77004	-5.04	-6.9168	-11.568	-3.3919	5.6618	6.3974	9.9432	3.0309	0
-9.8443	-0.77768	-5.059	-6.9275	-11.628	-3.5505	5.628	6.5009	10.052	3.1316	0
-9.9086	-0.78533	-5.078	-6.9381	-11.687	-3.7091	5.5943	6.6044	10.161	3.2323	0
-9.973	-0.79297	-5.097	-6.9488	-11.746	-3.8677	5.5606	6.7079	10.269	3.3331	0
-10.037	-0.80062	-5.116	-6.9595	-11.805	-4.0263	5.5268	6.8114	10.378	3.4338	0
-10.102	-0.80827	-5.135	-6.9702	-11.864	-4.1849	5.4931	6.9148	10.487	3.5345	0
-10.166	-0.81591	-5.154	-6.9808	-11.924	-4.3435	5.4594	7.0183	10.595	3.6353	0
-10.23	-0.82356	-5.173	-6.9915	-11.983	-4.5021	5.4257	7.1218	10.704	3.736	0
-10.295	-0.8312	-5.192	-7.0022	-12.042	-4.6607	5.3919	7.2253	10.813	3.8367	0
-10.359	-0.83885	-5.211	-7.0128	-12.101	-4.8193	5.3582	7.3288	10.922	3.9374	0
-10.423	-0.84649	-5.23	-7.0235	-12.161	-4.9779	5.3245	7.4323	11.03	4.0382	0
-10.488	-0.85414	-5.249	-7.0342	-12.22	-5.1365	5.2908	7.5358	11.139	4.1389	0
-10.552	-0.86178	-5.268	-7.0449	-12.279	-5.2951	5.257	7.6392	11.248	4.2396	0
-10.616	-0.86943	-5.287	-7.0555	-12.338	-5.4537	5.2233	7.7427	11.356	4.3404	0
-10.681	-0.87707	-5.306	-7.0662	-12.398	-5.6123	5.1896	7.8462	11.465	4.4411	0
-10.745	-0.88472	-5.325	-7.0769	-12.457	-5.7709	5.1559	7.9497	11.574	4.5418	0
-10.809	-0.89236	-5.344	-7.0875	-12.516	-5.9295	5.1221	8.0532	11.682	4.6425	0
-10.874	-0.90001	-5.363	-7.0982	-12.575	-6.0881	5.0884	8.1567	11.791	4.7433	0
-10.938	-0.90765	-5.382	-7.1089	-12.635	-6.2467	5.0547	8.2602	11.9	4.844	0
-11.001	-0.91435	-5.401	-7.12	-12.694	-6.4045	5.0222	8.3629	12.009	4.9438	0
-11.046	-0.90155	-5.4188	-7.1407	-12.75	-6.5441	5.0145	8.4508	12.121	5.0242	0
-11.091	-0.88876	-5.4365	-7.1614	-12.807	-6.6838	5.0069	8.5387	12.233	5.1046	0
-11.136	-0.87597	-5.4543	-7.182	-12.864	-6.8235	4.9993	8.6265	12.345	5.1851	0
-11.181	-0.86317	-5.4721	-7.2027	-12.92	-6.9631	4.9917	8.7144	12.458	5.2655	0
-11.226	-0.85038	-5.4899	-7.2234	-12.977	-7.1028	4.9841	8.8023	12.57	5.3459	0
-11.271	-0.83759	-5.5076	-7.244	-13.033	-7.2425	4.9765	8.8901	12.682	5.4263	0
-11.317	-0.82479	-5.5254	-7.2647	-13.09	-7.3822	4.9689	8.978	12.795	5.5067	0
-11.362	-0.812	-5.5432	-7.2854	-13.147	-7.5218	4.9613	9.0659	12.907	5.5872	0
-11.407	-0.79921	-5.561	-7.306	-13.203	-7.6615	4.9537	9.1537	13.019	5.6676	0
-11.452	-0.78641	-5.5787	-7.3267	-13.26	-7.8012	4.9461	9.2416	13.131	5.748	0
-11.497	-0.77362	-5.5965	-7.3474	-13.316	-7.9408	4.9385	9.3295	13.244	5.8284	0
-11.542	-0.76083	-5.6143	-7.368	-13.373	-8.0805	4.9308	9.4173	13.356	5.9088	0
-11.587	-0.74803	-5.632	-7.3887	-13.43	-8.2202	4.9232	9.5052	13.468	5.9893	0
-11.632	-0.73524	-5.6498	-7.4094	-13.486	-8.3599	4.9156	9.5931	13.58	6.0697	0
-11.677	-0.72245	-5.6676	-7.4301	-13.543	-8.4995	4.908	9.6809	13.693	6.1501	0
-11.722	-0.70965	-5.6854	-7.4507	-13.599	-8.6392	4.9004	9.7688	13.805	6.2305	0
-11.767	-0.69686	-5.7031	-7.4714	-13.656	-8.7789	4.8928	9.8567	13.917	6.3109	0
-11.812	-0.68407	-5.7209	-7.4921	-13.713	-8.9185	4.8852	9.9446	14.029	6.3914	0
-11.857	-0.67127	-5.7387	-7.5127	-13.769	-9.0582	4.8776	10.032	14.142	6.4718	0
-11.902	-0.65848	-5.7565	-7.5334	-13.826	-9.1979	4.87	10.12	14.254	6.5522	0
-11.947	-0.64569	-5.7742	-7.5541	-13.882	-9.3376	4.8624	10.208	14.366	6.6326	0
-11.992	-0.63289	-5.792	-7.5747	-13.939	-9.4772	4.8547	10.296	14.478	6.713	0
-12.037	-0.6201	-5.8098	-7.5954	-13.996	-9.6169	4.8471	10.384	14.591	6.7935	0
-12.09	-0.60149	-5.8035	-7.6651	-14.093	-9.6659	4.8476	10.461	14.693	6.8732	0
-12.145	-0.58154	-5.7918	-7.7459	-14.199	-9.6943	4.85	10.536	14.793	6.9528	0
-12.201	-0.5616	-5.78	-7.8267	-14.305	-9.7226	4.8523	10.611	14.893	7.0324	0
-12.256	-0.54165	-5.7682	-7.9075	-14.411	-9.7509	4.8546	10.686	14.993	7.1119	0
-12.311	-0.5217	-5.7565	-7.9884	-14.517	-9.7792	4.857	10.761	15.093	7.1915	0
-12.366	-0.50176	-5.7447	-8.0692	-14.623	-9.8075	4.8593	10.836	15.193	7.2711	0
-12.422	-0.48181	-5.7329	-8.15	-14.73	-9.8358	4.8616	10.911	15.293	7.3507	0
-12.477	-0.46187	-5.7212	-8.2309	-14.836	-9.8642	4.864	10.985	15.393	7.4303	0
-12.532	-0.44192	-5.7094	-8.3117	-14.942	-9.8925	4.8663	11.06	15.493	7.5098	0
-12.587	-0.42198	-5.6976	-8.3925	-15.048	-9.9208	4.8686	11.135	15.593	7.5894	0
-12.643	-0.40203	-5.6859	-8.4734	-15.154	-9.9491	4.871	11.21	15.693	7.669	0
-12.698	-0.38209	-5.6741	-8.5542	-15.26	-9.9774	4.8733	11.285	15.794	7.7486	0
-12.753	-0.36214	-5.6623	-8.635	-15.367	-10.006	4.8756	11.36	15.894	7.8282	0
-12.809	-0.3422	-5.6506	-8.7159	-15.473	-10.034	4.878	11.435	15.994	7.9077	0
-12.864	-0.32225	-5.6388	-8.7967	-15.579	-10.062	4.8803	11.51	16.094	7.9873	0
-12.919	-0.30231	-5.627	-8.8775	-15.685	-10.091	4.8827	11.585	16.194	8.0669	0
-12.974	-0.28236	-5.6153	-8.9583	-15.791	-10.119	4.885	11.659	16.294	8.1465	0
-13.03	-0.26242	-5.6035	-9.0392	-15.897	-10.147	4.8873	11.734	16.394	8.2261	0
-13.085	-0.24247	-5.5917	-9.12	-16.003	-10.176	4.8897	11.809	16.494	8.3056	0
-13.14	-0.22253	-5.58	-9.2008	-16.11	-10.204	4.892	11.884	16.594	8.3852	0
-13.195	-0.20258	-5.5682	-9.2817	-16.216	-10.232	4.8943	11.959	16.694	8.4648	0
-13.251	-0.18263	-5.5565	-9.3625	-16.322	-10.261	4.8967	12.034	16.794	8.5444	0
-13.306	-0.16269	-5.5447	-9.4433	-16.428	-10.289	4.899	12.109	16.894	8.624	0
-13.366	-0.15127	-5.5544	-9.5036	-16.458	-10.362	4.9256	12.175	16.969	8.6859	0
-13.43	-0.14598	-5.5797	-9.549	-16.433	-10.466	4.9696	12.234	17.025	8.7352	0
-13.495	-0.14069	-5.605	-9.5945	-16.408	-10.571	5.0136	12.293	17.082	8.7845	0
-13.559	-0.13541	-5.6302	-9.6399	-16.383	-10.676	5.0577	12.353	17.139	8.8337	0
-13.623	-0.13012	-5.6555	-9.6854	-16.359	-10.781	5.1017	12.412	17.195	8.883	0
-13.687	-0.12483	-5.6807	-9.7308	-16.334	-10.886	5.1457	12.472	17.252	8.9323	0
-13.751	-0.11955	-5.706	-9.7762	-16.309	-10.99	5.1898	12.531	17.308	8.9816	0
-13.815	-0.11426	-5.7312	-9.8217	-16.284	-11.095	5.2338	12.591	17.365	9.0309	0
-13.879	-0.10897	-5.7565	-9.8671	-16.259	-11.2	5.2778	12.65	17.422	9.0801	0
-13.943	-0.10368	-5.7817	-9.9126	-16.234	-11.305	5.3219	12.709	17.478	9.1294	0
-14.007	-0.098398	-5.807	-9.958	-16.209	-11.409	5.3659	12.769	17.535	9.1787	0
-14.071	-0.093111	-5.8323	-10.003	-16.184	-11.514	5.4099	12.828	17.592	9.228	0
-14.135	-0.087824	-5.8575	-10.049	-16.159	-11.619	5.454	12.888	17.648	9.2772	0
-14.199	-0.082537	-5.8828	-10.094	-16.135	-11.724	5.498	12.947	17.705	9.3265	0
-14.263	-0.07725	-5.908	-10.14	-16.11	-11.828	5.542	13.006	17.761	9.3758	0
-14.327	-0.071963	-5.9333	-10.185	-16.085	-11.933	5.5861	13.066	17.818	9.4251	0
-14.391	-0.066677	-5.9585	-10.231	-16.06	-12.038	5.6301	13.125	17.875	9.4744	0
-14.455	-0.06139	-5.9838	-10.276	-16.035	-12.143	5.6741	13.185	17.931	9.5236	0
-14.519	-0.056103	-6.009	-10.322	-16.01	-12.248	5.7182	13.244	17.988	9.5729	0
-14.584	-0.050816	-6.0343	-10.367	-15.985	-12.352	5.7622	13.303	18.044	9.6222	0
-14.648	-0.045529	-6.0595	-10.412	-15.96	-12.457	5.8062	13.363	18.101	9.6715	0
-14.712	-0.040242	-6.0848	-10.458	-15.935	-12.562	5.8503	13.422	18.158	9.7207	0
-14.776	-0.034955	-6.1101	-10.503	-15.91	-12.667	5.8943	13.482	18.214	9.77	0
-14.83	-0.03033	-6.1305	-10.543	-15.875	-12.765	5.9477	13.529	18.258	9.8076	0
-14.866	-0.026939	-6.142	-10.571	-15.819	-12.851	6.0186	13.553	18.277	9.8234	0
-14.901	-0.023548	-6.1534	-10.599	-15.764	-12.937	6.0895	13.577	18.297	9.8393	0
-14.937	-0.020157	-6.1649	-10.627	-15.709	-13.022	6.1604	13.601	18.316	9.8551	0
-14.973	-0.016766	-6.1764	-10.655	-15.653	-13.108	6.2313	13.625	18.336	9.8709	0
-15.009	-0.013375	-6.1878	-10.683	-15.598	-13.194	6.3022	13.649	18.355	9.8867	0
-15.044	-0.0099837	-6.1993	-10.711	-15.542	-13.28	6.3731	13.673	18.374	9.9025	0
-15.08	-0.0065927	-6.2108	-10.739	-15.487	-13.366	6.444	13.697	18.394	9.9183	0
-15.116	-0.0032017	-6.2222	-10.767	-15.431	-13.452	6.5149	13.72	18.413	9.9341	0
-15.151	0.00018927	-6.2337	-10.795	-15.376	-13.538	6.5858	13.744	18.433	9.95	0
-15.187	0.0035803	-6.2452	-10.823	-15.32	-13.623	6.6567	13.768	18.452	9.9658	0
-15.223	0.0069713	-6.2566	-10.851	-15.265	-13.709	6.7276	13.792	18.472	9.9816	0
-15.259	0.010362	-6.2681	-10.879	-15.209	-13.795	6.7985	13.816	18.491	9.9974	0
-15.294	0.013753	-6.2795	-10.907	-15.154	-13.881	6.8694	13.84	18.511	10.013	0
-15.33	0.017144	-6.291	-10.935	-15.098	-13.967	6.9403	13.864	18.53	10.029	0
-15.366	0.020535	-6.3025	-10.963	-15.043	-14.053	7.0112	13.888	18.549	10.045	0
-15.402	0.023926	-6.3139	-10.991	-14.987	-14.139	7.0821	13.912	18.569	10.061	0
-15.437	0.027317	-6.3254	-11.019	-14.932	-14.225	7.1529	13.936	18.588	10.076	0
-15.473	0.030708	-6.3369	-11.047	-14.876	-14.31	7.2238	13.96	18.608	10.092	0
-15.509	0.034099	-6.3483	-11.075	-14.821	-14.396	7.2947	13.984	18.627	10.108	0
-15.544	0.03749	-6.3598	-11.103	-14.765	-14.482	7.3656	14.008	18.647	10.124	0
-15.58	0.040881	-6.3713	-11.131	-14.71	-14.568	7.4365	14.032	18.666	10.14	0
-15.616	0.044272	-6.3827	-11.159	-14.654	-14.654	7.5074	14.056	18.686	10.156	0
-15.651	0.048837	-6.3919	-11.191	-14.598	-14.733	7.5755	14.079	18.7	10.168	0
-15.682	0.062324	-6.384	-11.252	-14.533	-14.76	7.6216	14.097	18.675	10.153	0
-15.713	0.075811	-6.376	-11.313	-14.468	-14.787	7.6678	14.115	18.649	10.137	0
-15.744	0.089298	-6.3681	-11.374	-14.403	-14.814	7.7139	14.132	18.624	10.122	0
-15.775	0.10279	-6.3601	-11.435	-14.338	-14.841	7.7601	14.15	18.599	10.107	0
-15.806	0.11627	-6.3522	-11.496	-14.273	-14.867	7.8062	14.168	18.574	10.091	0
-15.837	0.12976	-6.3442	-11.557	-14.208	-14.894	7.8524	14.185	18.548	10.076	0
-15.868	0.14325	-6.3363	-11.618	-14.144	-14.921	7.8985	14.203	18.523	10.061	0
-15.899	0.15673	-6.3283	-11.679	-14.079	-14.948	7.9447	14.221	18.498	10.046	0
-15.93	0.17022	-6.3204	-11.74	-14.014	-14.975	7.9908	14.238	18.473	10.03	0
-15.962	0.18371	-6.3124	-11.801	-13.949	-15.002	8.037	14.256	18.447	10.015	0
-15.993	0.19719	-6.3045	-11.862	-13.884	-15.029	8.0831	14.274	18.422	9.9998	0
-16.024	0.21068	-6.2965	-11.923	-13.819	-15.056	8.1293	14.292	18.397	9.9845	0
-16.055	0.22417	-6.2886	-11.984	-13.754	-15.083	8.1754	14.309	18.372	9.9693	0
-16.086	0.23765	-6.2806	-12.045	-13.689	-15.109	8.2216	14.327	18.346	9.954	0
-16.117	0.25114	-6.2726	-12.105	-13.624	-15.136	8.2677	14.345	18.321	9.9387	0
-16.148	0.26463	-6.2647	-12.166	-13.559	-15.163	8.3139	14.362	18.296	9.9235	0
-16.179	0.27812	-6.2567	-12.227	-13.495	-15.19	8.36	14.38	18.271	9.9082	0
-16.21	0.2916	-6.2488	-12.288	-13.43	-15.217	8.4062	14.398	18.246	9.8929	0
-16.241	0.30509	-6.2408	-12.349	-13.365	-15.244	8.4523	14.415	18.22	9.8776	0
-16.272	0.31858	-6.2329	-12.41	-13.3	-15.271	8.4985	14.433	18.195	9.8624	0
-16.303	0.33206	-6.2249	-12.471	-13.235	-15.298	8.5446	14.451	18.17	9.8471	0
-16.334	0.34555	-6.217	-12.532	-13.17	-15.325	8.5908	14.469	18.145	9.8318	0
-16.365	0.35904	-6.209	-12.593	-13.105	-15.352	8.6369	14.486	18.119	9.8166	0
-16.392	0.38605	-6.1647	-12.642	-13.16	-15.248	8.6469	14.467	18.068	9.782	0
-16.418	0.41484	-6.1156	-12.689	-13.23	-15.128	8.6521	14.442	18.013	9.745	0
-16.444	0.44364	-6.0665	-12.735	-13.301	-15.007	8.6573	14.417	17.958	9.7079	0
-16.47	0.47243	-6.0174	-12.782	-13.371	-14.887	8.6625	14.393	17.904	9.6708	0
-16.496	0.50122	-5.9683	-12.829	-13.441	-14.767	8.6677	14.368	17.849	9.6337	0
-16.522	0.53001	-5.9192	-12.875	-13.512	-14.646	8.6729	14.344	17.794	9.5967	0
-16.548	0.55881	-5.8701	-12.922	-13.582	-14.526	8.678	14.319	17.739	9.5596	0
-16.575	0.5876	-5.821	-12.969	-13.652	-14.405	8.6832	14.294	17.684	9.5225	0
-16.601	0.61639	-5.7719	-13.015	-13.723	-14.285	8.6884	14.27	17.629	9.4855	0
-16.627	0.64518	-5.7228	-13.062	-13.793	-14.164	8.6936	14.245	17.575	9.4484	0
-16.653	0.67398	-5.6737	-13.109	-13.863	-14.044	8.6988	14.221	17.52	9.4113	0
-16.679	0.70277	-5.6246	-13.156	-13.934	-13.924	8.704	14.196	17.465	9.3743	0
-16.705	0.73156	-5.5755	-13.202	-14.004	-13.803	8.7092	14.172	17.41	9.3372	0
-16.731	0.76036	-5.5264	-13.249	-14.075	-13.683	8.7144	14.147	17.355	9.3001	0
-16.757	0.78915	-5.4773	-13.296	-14.145	-13.562	8.7196	14.122	17.301	9.2631	0
-16.783	0.81794	-5.4282	-13.342	-14.215	-13.442	8.7248	14.098	17.246	9.226	0
-16.81	0.84673	-5.3791	-13.389	-14.286	-13.322	8.73	14.073	17.191	9.1889	0
-16.836	0.87553	-5.33	-13.436	-14.356	-13.201	8.7352	14.049	17.136	9.1519	0
-16.862	0.90432	-5.2809	-13.482	-14.426	-13.081	8.7404	14.024	17.081	9.1148	0
-16.888	0.93311	-5.2318	-13.529	-14.497	-12.96	8.7456	13.999	17.027	9.0777	0
-16.914	0.9619	-5.1827	-13.576	-14.567	-12.84	8.7508	13.975	16.972	9.0406	0
-16.94	0.9907	-5.1336	-13.623	-14.637	-12.719	8.756	13.95	16.917	9.0036	0
-16.966	1.0195	-5.0845	-13.669	-14.708	-12.599	8.7612	13.926	16.862	8.9665	0
-16.966	1.0329	-5.0646	-13.673	-14.716	-12.537	8.7679	13.9	16.798	8.9203	0
-16.953	1.0382	-5.0603	-13.653	-14.691	-12.506	8.7754	13.875	16.728	8.8693	0
-16.939	1.0434	-5.056	-13.633	-14.665	-12.475	8.7829	13.849	16.659	8.8183	0
-16.926	1.0487	-5.0517	-13.613	-14.64	-12.444	8.7904	13.823	16.59	8.7672	0
-16.912	1.0539	-5.0474	-13.594	-14.615	-12.413	8.7979	13.798	16.52	8.7162	0
-16.899	1.0591	-5.0431	-13.574	-14.589	-12.382	8.8054	13.772	16.451	8.6652	0
-16.885	1.0644	-5.0387	-13.554	-14.564	-12.351	8.8129	13.746	16.382	8.6141	0
-16.872	1.0696	-5.0344	-13.534	-14.539	-12.32	8.8204	13.72	16.312	8.5631	0
-16.858	1.0749	-5.0301	-13.515	-14.513	-12.289	8.8279	13.695	16.243	8.512	0
-16.844	1.0801	-5.0258	-13.495	-14.488	-12.258	8.8354	13.669	16.174	8.461	0
-16.831	1.0854	-5.0215	-13.475	-14.463	-12.227	8.8429	13.643	16.104	8.41	0
-16.817	1.0906	-5.0172	-13.455	-14.437	-12.196	8.8504	13.617	16.035	8.3589	0
-16.804	1.0958	-5.0129	-13.435	-14.412	-12.165	8.8579	13.592	15.966	8.3079	0
-16.79	1.1011	-5.0086	-13.416	-14.387	-12.134	8.8654	13.566	15.896	8.2568	0
-16.777	1.1063	-5.0043	-13.396	-14.361	-12.103	8.8729	13.54	15.827	8.2058	0
-16.763	1.1116	-5	-13.376	-14.336	-12.071	8.8804	13.515	15.758	8.1548	0
-16.749	1.1168	-4.9957	-13.356	-14.311	-12.04	8.8879	13.489	15.688	8.1037	0
-16.736	1.122	-4.9913	-13.337	-14.285	-12.009	8.8954	13.463	15.619	8.0527	0
-16.722	1.1273	-4.987	-13.317	-14.26	-11.978	8.9029	13.437	15.55	8.0017	0
-16.709	1.1325	-4.9827	-13.297	-14.235	-11.947	8.9104	13.412	15.48	7.9506	0
-16.695	1.1378	-4.9784	-13.277	-14.209	-11.916	8.9179	13.386	15.411	7.8996	0
-16.682	1.143	-4.9741	-13.257	-14.184	-11.885	8.9254	13.36	15.341	7.8485	0
-16.668	1.1482	-4.9698	-13.238	-14.159	-11.854	8.9329	13.334	15.272	7.7975	0
-16.636	1.1552	-4.9521	-13.216	-14.165	-11.794	8.9349	13.297	15.206	7.7414	0
-16.577	1.1644	-4.9157	-13.192	-14.214	-11.692	8.9291	13.243	15.144	7.6784	0
-16.518	1.1737	-4.8794	-13.168	-14.264	-11.591	8.9234	13.189	15.081	7.6153	0
-16.46	1.1829	-4.843	-13.144	-14.314	-11.489	8.9176	13.135	15.019	7.5523	0
-16.401	1.1922	-4.8066	-13.12	-14.363	-11.387	8.9119	13.082	14.957	7.4892	0
-16.342	1.2014	-4.7703	-13.096	-14.413	-11.286	8.9061	13.028	14.895	7.4262	0
-16.283	1.2106	-4.7339	-13.073	-14.463	-11.184	8.9004	12.974	14.833	7.3632	0
-16.225	1.2199	-4.6976	-13.049	-14.512	-11.082	8.8946	12.92	14.77	7.3001	0
-16.166	1.2291	-4.6612	-13.025	-14.562	-10.981	8.8889	12.866	14.708	7.2371	0
-16.107	1.2384	-4.6249	-13.001	-14.612	-10.879	8.8831	12.813	14.646	7.174	0
-16.049	1.2476	-4.5885	-12.977	-14.661	-10.778	8.8774	12.759	14.584	7.111	0
-15.99	1.2569	-4.5521	-12.953	-14.711	-10.676	8.8716	12.705	14.521	7.0479	0
-15.931	1.2661	-4.5158	-12.929	-14.76	-10.574	8.8659	12.651	14.459	6.9849	0
-15.873	1.2754	-4.4794	-12.905	-14.81	-10.473	8.8601	12.597	14.397	6.9218	0
-15.814	1.2846	-4.4431	-12.881	-14.86	-10.371	8.8544	12.543	14.335	6.8588	0
-15.755	1.2939	-4.4067	-12.857	-14.909	-10.269	8.8487	12.49	14.273	6.7957	0
-15.696	1.3031	-4.3703	-12.833	-14.959	-10.168	8.8429	12.436	14.21	6.7327	0
-15.638	1.3124	-4.334	-12.809	-15.009	-10.066	8.8372	12.382	14.148	6.6696	0
-15.579	1.3216	-4.2976	-12.785	-15.058	-9.9646	8.8314	12.328	14.086	6.6066	0
-15.52	1.3309	-4.2613	-12.761	-15.108	-9.8629	8.8257	12.274	14.024	6.5436	0
-15.462	1.3401	-4.2249	-12.737	-15.158	-9.7613	8.8199	12.22	13.962	6.4805	0
-15.403	1.3494	-4.1886	-12.713	-15.207	-9.6597	8.8142	12.167	13.899	6.4175	0
-15.344	1.3586	-4.1522	-12.689	-15.257	-9.5581	8.8084	12.113	13.837	6.3544	0
-15.287	1.3674	-4.1175	-12.661	-15.305	-9.4577	8.7965	12.063	13.776	6.2959	0
-15.233	1.3744	-4.0902	-12.615	-15.343	-9.3629	8.7574	12.031	13.718	6.2572	0
-15.18	1.3813	-4.0629	-12.569	-15.382	-9.2681	8.7184	12	13.661	6.2185	0
-15.126	1.3882	-4.0355	-12.523	-15.421	-9.1733	8.6794	11.968	13.603	6.1798	0
-15.073	1.3952	-4.0082	-12.477	-15.459	-9.0785	8.6403	11.936	13.545	6.1411	0
-15.02	1.4021	-3.9809	-12.43	-15.498	-8.9837	8.6013	11.904	13.488	6.1024	0
-14.966	1.4091	-3.9535	-12.384	-15.536	-8.889	8.5622	11.872	13.43	6.0637	0
-14.913	1.416	-3.9262	-12.338	-15.575	-8.7942	8.5232	11.841	13.372	6.025	0
-14.859	1.4229	-3.8989	-12.292	-15.614	-8.6994	8.4842	11.809	13.315	5.9863	0
-14.806	1.4299	-3.8715	-12.246	-15.652	-8.6046	8.4451	11.777	13.257	5.9476	0
-14.753	1.4368	-3.8442	-12.199	-15.691	-8.5098	8.4061	11.745	13.2	5.9089	0
-14.699	1.4437	-3.8169	-12.153	-15.73	-8.415	8.3671	11.713	13.142	5.8702	0
-14.646	1.4507	-3.7896	-12.107	-15.768	-8.3202	8.328	11.682	13.084	5.8315	0
-14.592	1.4576	-3.7622	-12.061	-15.807	-8.2254	8.289	11.65	13.027	5.7928	0
-14.539	1.4645	-3.7349	-12.015	-15.845	-8.1306	8.2499	11.618	12.969	5.7541	0
-14.486	1.4715	-3.7076	-11.968	-15.884	-8.0358	8.2109	11.586	12.912	5.7154	0
-14.432	1.4784	-3.6802	-11.922	-15.923	-7.941	8.1719	11.554	12.854	5.6767	0
-14.379	1.4854	-3.6529	-11.876	-15.961	-7.8462	8.1328	11.523	12.796	5.638	0
-14.326	1.4923	-3.6256	-11.83	-16	-7.7515	8.0938	11.491	12.739	5.5993	0
-14.272	1.4992	-3.5982	-11.784	-16.039	-7.6567	8.0548	11.459	12.681	5.5606	0
-14.219	1.5062	-3.5709	-11.738	-16.077	-7.5619	8.0157	11.427	12.624	5.5219	0
-14.165	1.5131	-3.5436	-11.691	-16.116	-7.4671	7.9767	11.395	12.566	5.4832	0
-14.112	1.52	-3.5162	-11.645	-16.154	-7.3723	7.9376	11.364	12.508	5.4445	0
-14.059	1.527	-3.4889	-11.599	-16.193	-7.2775	7.8986	11.332	12.451	5.4058	0
-13.996	1.5284	-3.433	-11.545	-16.272	-7.129	7.8596	11.268	12.395	5.353	0
-13.933	1.5296	-3.3757	-11.492	-16.353	-6.9778	7.8207	11.203	12.34	5.2995	0
-13.87	1.5308	-3.3183	-11.438	-16.433	-6.8267	7.7817	11.137	12.285	5.246	0
-13.807	1.532	-3.261	-11.384	-16.514	-6.6756	7.7428	11.072	12.23	5.1925	0
-13.745	1.5332	-3.2037	-11.33	-16.595	-6.5244	7.7038	11.007	12.174	5.139	0
-13.682	1.5344	-3.1464	-11.276	-16.675	-6.3733	7.6649	10.941	12.119	5.0855	0
-13.619	1.5355	-3.089	-11.223	-16.756	-6.2221	7.626	10.876	12.064	5.032	0
-13.556	1.5367	-3.0317	-11.169	-16.837	-6.071	7.587	10.811	12.008	4.9785	0
-13.493	1.5379	-2.9744	-11.115	-16.917	-5.9198	7.5481	10.745	11.953	4.925	0
-13.43	1.5391	-2.9171	-11.061	-16.998	-5.7687	7.5091	10.68	11.898	4.8715	0
-13.367	1.5403	-2.8597	-11.007	-17.079	-5.6176	7.4702	10.615	11.843	4.818	0
-13.304	1.5415	-2.8024	-10.954	-17.159	-5.4664	7.4312	10.549	11.787	4.7645	0
-13.241	1.5427	-2.7451	-10.9	-17.24	-5.3153	7.3923	10.484	11.732	4.711	0
-13.179	1.5439	-2.6878	-10.846	-17.321	-5.1641	7.3533	10.418	11.677	4.6575	0
-13.116	1.545	-2.6304	-10.792	-17.401	-5.013	7.3144	10.353	11.622	4.604	0
-13.053	1.5462	-2.5731	-10.738	-17.482	-4.8619	7.2754	10.288	11.566	4.5505	0
-12.99	1.5474	-2.5158	-10.685	-17.563	-4.7107	7.2365	10.222	11.511	4.497	0
-12.927	1.5486	-2.4584	-10.631	-17.644	-4.5596	7.1975	10.157	11.456	4.4435	0
-12.864	1.5498	-2.4011	-10.577	-17.724	-4.4084	7.1586	10.092	11.401	4.39	0
-12.801	1.551	-2.3438	-10.523	-17.805	-4.2573	7.1196	10.026	11.345	4.3364	0
-12.738	1.5522	-2.2865	-10.469	-17.886	-4.1062	7.0807	9.961	11.29	4.2829	0
-12.675	1.5533	-2.2291	-10.416	-17.966	-3.955	7.0417	9.8957	11.235	4.2294	0
-12.613	1.5545	-2.1718	-10.362	-18.047	-3.8039	7.0028	9.8303	11.18	4.1759	0
-12.539	1.5514	-2.1334	-10.305	-17.989	-3.7811	6.9953	9.7764	11.119	4.1175	0
-12.461	1.5467	-2.1024	-10.246	-17.877	-3.8081	7.0001	9.7268	11.057	4.0572	0
-12.382	1.5419	-2.0713	-10.187	-17.766	-3.8351	7.0049	9.6772	10.995	3.9969	0
-12.304	1.5372	-2.0402	-10.129	-17.654	-3.8621	7.0097	9.6276	10.933	3.9365	0
-12.226	1.5325	-2.0092	-10.07	-17.543	-3.8891	7.0145	9.578	10.871	3.8762	0
-12.148	1.5277	-1.9781	-10.011	-17.431	-3.916	7.0193	9.5285	10.808	3.8159	0
-12.07	1.523	-1.947	-9.9529	-17.319	-3.943	7.0241	9.4789	10.746	3.7555	0
-11.992	1.5182	-1.916	-9.8943	-17.208	-3.97	7.0289	9.4293	10.684	3.6952	0
-11.914	1.5135	-1.8849	-9.8357	-17.096	-3.997	7.0336	9.3797	10.622	3.6349	0
-11.836	1.5087	-1.8538	-9.777	-16.985	-4.0239	7.0384	9.3302	10.559	3.5745	0
-11.758	1.504	-1.8228	-9.7184	-16.873	-4.0509	7.0432	9.2806	10.497	3.5142	0
-11.679	1.4992	-1.7917	-9.6598	-16.761	-4.0779	7.048	9.231	10.435	3.4539	0
-11.601	1.4945	-1.7606	-9.6012	-16.65	-4.1049	7.0528	9.1814	10.373	3.3936	0
-11.523	1.4897	-1.7296	-9.5426	-16.538	-4.1319	7.0576	9.1318	10.311	3.3332	0
-11.445	1.485	-1.6985	-9.484	-16.427	-4.1588	7.0624	9.0823	10.248	3.2729	0
-11.367	1.4802	-1.6674	-9.4254	-16.315	-4.1858	7.0672	9.0327	10.186	3.2126	0
-11.289	1.4755	-1.6364	-9.3667	-16.203	-4.2128	7.0719	8.9831	10.124	3.1522	0
-11.211	1.4707	-1.6053	-9.3081	-16.092	-4.2398	7.0767	8.9335	10.062	3.0919	0
-11.133	1.466	-1.5742	-9.2495	-15.98	-4.2667	7.0815	8.884	9.9996	3.0316	0
-11.055	1.4612	-1.5431	-9.1909	-15.869	-4.2937	7.0863	8.8344	9.9374	2.9712	0
-10.976	1.4565	-1.5121	-9.1323	-15.757	-4.3207	7.0911	8.7848	9.8752	2.9109	0
-10.898	1.4517	-1.481	-9.0737	-15.645	-4.3477	7.0959	8.7352	9.813	2.8506	0
-10.82	1.447	-1.4499	-9.0151	-15.534	-4.3746	7.1007	8.6856	9.7507	2.7902	0
-10.728	1.446	-1.4058	-8.9446	-15.423	-4.3976	7.1142	8.6229	9.6885	2.7255	0
-10.62	1.4488	-1.348	-8.8617	-15.312	-4.4164	7.1369	8.5463	9.6263	2.656	0
-10.512	1.4517	-1.2901	-8.7788	-15.202	-4.4352	7.1596	8.4697	9.564	2.5865	0
-10.405	1.4546	-1.2323	-8.696	-15.091	-4.454	7.1823	8.3931	9.5018	2.517	0
-10.297	1.4574	-1.1744	-8.6131	-14.98	-4.4728	7.205	8.3165	9.4396	2.4476	0
-10.189	1.4603	-1.1166	-8.5302	-14.87	-4.4916	7.2277	8.2399	9.3773	2.3781	0
-10.082	1.4632	-1.0588	-8.4473	-14.759	-4.5104	7.2504	8.1634	9.3151	2.3086	0
-9.9739	1.466	-1.0009	-8.3645	-14.649	-4.5292	7.2731	8.0868	9.2528	2.2392	0
-9.8662	1.4689	-0.94309	-8.2816	-14.538	-4.548	7.2958	8.0102	9.1906	2.1697	0
-9.7585	1.4718	-0.88525	-8.1987	-14.428	-4.5668	7.3186	7.9336	9.1284	2.1002	0
-9.6508	1.4746	-0.82741	-8.1158	-14.317	-4.5856	7.3413	7.857	9.0661	2.0307	0
-9.5431	1.4775	-0.76957	-8.033	-14.206	-4.6044	7.364	7.7804	9.0039	1.9613	0
-9.4355	1.4804	-0.71173	-7.9501	-14.096	-4.6232	7.3867	7.7038	8.9416	1.8918	0
-9.3278	1.4832	-0.6539	-7.8672	-13.985	-4.642	7.4094	7.6272	8.8794	1.8223	0
-9.2201	1.4861	-0.59606	-7.7843	-13.875	-4.6608	7.4321	7.5507	8.8172	1.7529	0
-9.1124	1.489	-0.53822	-7.7015	-13.764	-4.6796	7.4548	7.4741	8.7549	1.6834	0
-9.0047	1.4918	-0.48038	-7.6186	-13.654	-4.6984	7.4775	7.3975	8.6927	1.6139	0
-8.8971	1.4947	-0.42254	-7.5357	-13.543	-4.7172	7.5002	7.3209	8.6304	1.5444	0
-8.7894	1.4976	-0.3647	-7.4528	-13.433	-4.736	7.5229	7.2443	8.5682	1.475	0
-8.6817	1.5004	-0.30686	-7.37	-13.322	-4.7548	7.5456	7.1677	8.506	1.4055	0
-8.574	1.5033	-0.24902	-7.2871	-13.211	-4.7736	7.5683	7.0911	8.4437	1.336	0
-8.4663	1.5062	-0.19118	-7.2042	-13.101	-4.7924	7.591	7.0145	8.3815	1.2666	0
-8.3587	1.509	-0.13334	-7.1213	-12.99	-4.8112	7.6137	6.938	8.3192	1.1971	0
-8.2612	1.5124	-0.074073	-7.0386	-12.876	-4.8197	7.6322	6.8597	8.252	1.1271	0
-8.1936	1.517	-0.010646	-6.9563	-12.752	-4.7986	7.6385	6.7766	8.1702	1.0558	0
-8.126	1.5216	0.05278	-6.8741	-12.627	-4.7775	7.6448	6.6934	8.0884	0.98446	0
-8.0583	1.5262	0.11621	-6.7918	-12.502	-4.7564	7.6511	6.6103	8.0066	0.91312	0
-7.9907	1.5309	0.17963	-6.7095	-12.378	-4.7353	7.6573	6.5272	7.9249	0.84178	0
-7.923	1.5355	0.24306	-6.6273	-12.253	-4.7142	7.6636	6.444	7.8431	0.77044	0
-7.8554	1.5401	0.30649	-6.545	-12.129	-4.6931	7.6699	6.3609	7.7613	0.6991	0
-7.7878	1.5447	0.36991	-6.4627	-12.004	-4.672	7.6762	6.2778	7.6795	0.62776	0
-7.7201	1.5494	0.43334	-6.3805	-11.88	-4.6509	7.6825	6.1946	7.5977	0.55642	0
-7.6525	1.554	0.49677	-6.2982	-11.755	-4.6298	7.6888	6.1115	7.5159	0.48508	0
-7.5849	1.5586	0.56019	-6.2159	-11.631	-4.6087	7.695	6.0283	7.4341	0.41373	0
-7.5172	1.5632	0.62362	-6.1337	-11.506	-4.5875	7.7013	5.9452	7.3524	0.34239	0
-7.4496	1.5678	0.68705	-6.0514	-11.382	-4.5664	7.7076	5.8621	7.2706	0.27105	0
-7.382	1.5725	0.75047	-5.9691	-11.257	-4.5453	7.7139	5.7789	7.1888	0.19971	0
-7.3143	1.5771	0.8139	-5.8869	-11.133	-4.5242	7.7202	5.6958	7.107	0.12837	0
-7.2467	1.5817	0.87733	-5.8046	-11.008	-4.5031	7.7265	5.6127	7.0252	0.057033	0
-7.1791	1.5863	0.94075	-5.7223	-10.883	-4.482	7.7327	5.5295	6.9434	-0.014308	0
-7.1114	1.591	1.0042	-5.6401	-10.759	-4.4609	7.739	5.4464	6.8616	-0.085648	0
-7.0438	1.5956	1.0676	-5.5578	-10.634	-4.4398	7.7453	5.3633	6.7798	-0.15699	0
-6.9762	1.6002	1.131	-5.4755	-10.51	-4.4187	7.7516	5.2801	6.6981	-0.22833	0
-6.9085	1.6048	1.1945	-5.3933	-10.385	-4.3976	7.7579	5.197	6.6163	-0.29967	0
-6.8409	1.6095	1.2579	-5.311	-10.261	-4.3765	7.7642	5.1139	6.5345	-0.37101	0
-6.7732	1.6141	1.3213	-5.2287	-10.136	-4.3553	7.7704	5.0307	6.4527	-0.44235	0
-6.7054	1.619	1.3847	-5.1466	-10.011	-4.334	7.7766	4.9476	6.3708	-0.51439	0
-6.6269	1.6369	1.4455	-5.0711	-9.8649	-4.3046	7.7767	4.8638	6.282	-0.61581	0
-6.5485	1.6548	1.5063	-4.9955	-9.7186	-4.2752	7.7769	4.7801	6.1933	-0.71722	0
-6.47	1.6727	1.5671	-4.9199	-9.5723	-4.2457	7.7771	4.6963	6.1045	-0.81864	0
-6.3915	1.6905	1.6279	-4.8443	-9.4261	-4.2163	7.7772	4.6126	6.0158	-0.92006	0
-6.3131	1.7084	1.6887	-4.7688	-9.2798	-4.1868	7.7774	4.5288	5.9271	-1.0215	0
-6.2346	1.7263	1.7494	-4.6932	-9.1335	-4.1574	7.7776	4.4451	5.8383	-1.1229	0
-6.1562	1.7442	1.8102	-4.6176	-8.9872	-4.1279	7.7777	4.3613	5.7496	-1.2243	0
-6.0777	1.7621	1.871	-4.5421	-8.8409	-4.0985	7.7779	4.2776	5.6609	-1.3257	0
-5.9993	1.7799	1.9318	-4.4665	-8.6946	-4.069	7.7781	4.1938	5.5721	-1.4271	0
-5.9208	1.7978	1.9926	-4.3909	-8.5483	-4.0396	7.7782	4.1101	5.4834	-1.5286	0
-5.8424	1.8157	2.0534	-4.3153	-8.402	-4.0102	7.7784	4.0263	5.3947	-1.63	0
-5.7639	1.8336	2.1142	-4.2398	-8.2557	-3.9807	7.7785	3.9425	5.3059	-1.7314	0
-5.6854	1.8515	2.175	-4.1642	-8.1094	-3.9513	7.7787	3.8588	5.2172	-1.8328	0
-5.607	1.8693	2.2358	-4.0886	-7.9631	-3.9218	7.7789	3.775	5.1284	-1.9342	0
-5.5285	1.8872	2.2966	-4.0131	-7.8168	-3.8924	7.779	3.6913	5.0397	-2.0356	0
-5.4501	1.9051	2.3574	-3.9375	-7.6706	-3.8629	7.7792	3.6075	4.951	-2.1371	0
-5.3716	1.923	2.4182	-3.8619	-7.5243	-3.8335	7.7794	3.5238	4.8622	-2.2385	0
-5.2932	1.9409	2.479	-3.7864	-7.378	-3.804	7.7795	3.44	4.7735	-2.3399	0
-5.2147	1.9587	2.5398	-3.7108	-7.2317	-3.7746	7.7797	3.3563	4.6848	-2.4413	0
-5.1363	1.9766	2.6006	-3.6352	-7.0854	-3.7451	7.7799	3.2725	4.596	-2.5427	0
-5.0578	1.9945	2.6614	-3.5596	-6.9391	-3.7157	7.78	3.1888	4.5073	-2.6441	0
-4.9793	2.0124	2.7222	-3.4841	-6.7928	-3.6863	7.7802	3.105	4.4186	-2.7456	0
-4.9009	2.0303	2.783	-3.4085	-6.6465	-3.6568	7.7803	3.0213	4.3298	-2.847	0
-4.81	2.0533	2.8196	-3.3326	-6.487	-3.6437	7.7615	2.9388	4.2433	-2.8893	0
-4.7158	2.0777	2.8498	-3.2565	-6.3239	-3.6349	7.7376	2.8566	4.1574	-2.9161	0
-4.6216	2.1021	2.88	-3.1805	-6.1608	-3.6261	7.7137	2.7744	4.0715	-2.9428	0
-4.5275	2.1266	2.9103	-3.1044	-5.9977	-3.6173	7.6897	2.6923	3.9856	-2.9696	0
-4.4333	2.151	2.9405	-3.0284	-5.8347	-3.6085	7.6658	2.6101	3.8997	-2.9963	0
-4.3391	2.1754	2.9707	-2.9524	-5.6716	-3.5997	7.6419	2.5279	3.8138	-3.0231	0
-4.2449	2.1998	3.001	-2.8763	-5.5085	-3.591	7.618	2.4458	3.7279	-3.0498	0
-4.1508	2.2242	3.0312	-2.8003	-5.3454	-3.5822	7.5941	2.3636	3.642	-3.0766	0
-4.0566	2.2486	3.0614	-2.7242	-5.1824	-3.5734	7.5702	2.2814	3.5561	-3.1033	0
-3.9624	2.273	3.0917	-2.6482	-5.0193	-3.5646	7.5463	2.1993	3.4702	-3.1301	0
-3.8682	2.2975	3.1219	-2.5721	-4.8562	-3.5558	7.5224	2.1171	3.3843	-3.1568	0
-3.774	2.3219	3.1521	-2.4961	-4.6931	-3.547	7.4985	2.0349	3.2984	-3.1835	0
-3.6799	2.3463	3.1824	-2.4201	-4.5301	-3.5382	7.4745	1.9528	3.2125	-3.2103	0
-3.5857	2.3707	3.2126	-2.344	-4.367	-3.5294	7.4506	1.8706	3.1265	-3.237	0
-3.4915	2.3951	3.2428	-2.268	-4.2039	-3.5206	7.4267	1.7884	3.0406	-3.2638	0
-3.3973	2.4195	3.2731	-2.1919	-4.0408	-3.5118	7.4028	1.7063	2.9547	-3.2905	0
-3.3032	2.4439	3.3033	-2.1159	-3.8778	-3.5031	7.3789	1.6241	2.8688	-3.3173	0
-3.209	2.4684	3.3335	-2.0399	-3.7147	-3.4943	7.355	1.542	2.7829	-3.344	0
-3.1148	2.4928	3.3638	-1.9638	-3.5516	-3.4855	7.3311	1.4598	2.697	-3.3708	0
-3.0206	2.5172	3.394	-1.8878	-3.3886	-3.4767	7.3072	1.3776	2.6111	-3.3975	0
-2.9265	2.5416	3.4242	-1.8117	-3.2255	-3.4679	7.2832	1.2955	2.5252	-3.4243	0
-2.8323	2.566	3.4545	-1.7357	-3.0624	-3.4591	7.2593	1.2133	2.4393	-3.451	0
-2.7381	2.5904	3.4847	-1.6597	-2.8993	-3.4503	7.2354	1.1311	2.3534	-3.4777	0
-2.6443	2.6088	3.5098	-1.5825	-2.756	-3.4329	7.2249	1.0563	2.2717	-3.5246	0
-2.5507	2.6224	3.531	-1.5044	-2.6284	-3.4086	7.225	0.98721	2.1933	-3.5874	0
-2.4572	2.636	3.5521	-1.4263	-2.5007	-3.3844	7.225	0.91814	2.115	-3.6501	0
-2.3637	2.6496	3.5732	-1.3482	-2.373	-3.3601	7.2251	0.84907	2.0366	-3.7129	0
-2.2702	2.6632	3.5943	-1.2701	-2.2453	-3.3359	7.2251	0.78	1.9583	-3.7756	0
-2.1766	2.6768	3.6154	-1.192	-2.1177	-3.3116	7.2252	0.71093	1.8799	-3.8384	0
-2.0831	2.6904	3.6365	-1.1139	-1.99	-3.2874	7.2253	0.64186	1.8015	-3.9012	0
-1.9896	2.704	3.6576	-1.0358	-1.8623	-3.2631	7.2253	0.57279	1.7232	-3.9639	0
-1.896	2.7176	3.6787	-0.95766	-1.7347	-3.2389	7.2254	0.50372	1.6448	-4.0267	0
-1.8025	2.7312	3.6999	-0.87955	-1.607	-3.2147	7.2254	0.43466	1.5664	-4.0895	0
-1.709	2.7448	3.721	-0.80145	-1.4793	-3.1904	7.2255	0.36559	1.4881	-4.1522	0
-1.6154	2.7584	3.7421	-0.72335	-1.3517	-3.1662	7.2256	0.29652	1.4097	-4.215	0
-1.5219	2.772	3.7632	-0.64525	-1.224	-3.1419	7.2256	0.22745	1.3314	-4.2778	0
-1.4284	2.7855	3.7843	-0.56714	-1.0963	-3.1177	7.2257	0.15838	1.253	-4.3405	0
-1.3349	2.7991	3.8054	-0.48904	-0.96866	-3.0934	7.2258	0.089312	1.1746	-4.4033	0
-1.2413	2.8127	3.8265	-0.41094	-0.84099	-3.0692	7.2258	0.020243	1.0963	-4.466	0
